chord: [58, 64, 66, 72]
gcts found: 
[ 6  0  4  6 10]
[ 0  0  4  6 10]
chord: [55, 59, 65, 69]
gcts found: 
[ 2  0  4 10 14]
[ 0  0  4  6 14]
chord: [57, 59, 62, 76, 81]
gcts found: 
[ 2  0  3  5 10]
[ 7  0  5  7 10]
chord: [57, 59, 62, 76, 81]
gcts found: 
[ 2  0  3  5 10]
[ 7  0  5  7 10]
chord: [42, 54, 64, 68, 74]
gcts found: 
[ 5  0  4  6 14]
[ 7  0  4 10 14]
chord: [53, 60, 62, 67]
gcts found: 
[ 7  0  3  5 10]
[ 0  0  5  7 10]
chord: [53, 60, 63, 70]
gcts found: 
[ 2  0  5  7 10]
[ 9  0  3  5 10]
chord: [57, 62, 64, 71]
gcts found: 
[ 2  0  3  5 10]
[ 7  0  5  7 10]
chord: [34, 46, 52, 64]
gcts found: 
[2 0 6]
[8 0 6]
chord: [40, 46, 52, 58, 70]
gcts found: 
[7 0 6]
[1 0 6]
chord: [34, 46, 52, 58, 64, 70]
gcts found: 
[7 0 6]
[1 0 6]
chord: [40, 52, 58, 70]
gcts found: 
[7 0 6]
[1 0 6]
chord: [47, 52, 56, 66, 70, 73]
gcts found: 
[ 6  0  4  7 10 14 17]
[ 1  0  3  7  9 10 17]
chord: [47, 52, 56, 66, 70, 73]
gcts found: 
[ 6  0  4  7 10 14 17]
[ 1  0  3  7  9 10 17]
chord: [48, 51, 54, 73, 76, 79]
gcts found: 
[ 4  0  4  7 13 15 18]
[ 4  0  3  7 13 16 18]
chord: [58, 62, 65, 72, 76, 79]
gcts found: 
[ 7  0  3  7  9 10 17]
[ 0  0  4  7 10 14 17]
chord: [52, 56, 59, 70, 74, 77]
gcts found: 
[ 4  0  4  7 10 13 18]
[10  0  4  7 10 13 18]
chord: [54, 58, 61, 68, 72, 75]
gcts found: 
[ 3  0  3  7  9 10 17]
[ 8  0  4  7 10 14 17]
chord: [54, 59, 64, 69]
gcts found: 
[ 4  0  5  7 10]
[11  0  3  5 10]
chord: [47, 54, 69, 76]
gcts found: 
[ 4  0  5  7 10]
[11  0  3  5 10]
chord: [52, 59, 62, 69]
gcts found: 
[ 4  0  3  5 10]
[ 9  0  5  7 10]
chord: [52, 59, 62, 69]
gcts found: 
[ 4  0  3  5 10]
[ 9  0  5  7 10]
chord: [48, 55, 65, 70]
gcts found: 
[11  0  3  5 10]
[ 4  0  5  7 10]
chord: [53, 60, 63, 70]
gcts found: 
[ 9  0  5  7 10]
[ 4  0  3  5 10]
chord: [48, 55, 65, 70]
gcts found: 
[11  0  3  5 10]
[ 4  0  5  7 10]
chord: [53, 60, 63, 70]
gcts found: 
[ 9  0  5  7 10]
[ 4  0  3  5 10]
chord: [44, 51, 66, 73]
gcts found: 
[ 7  0  3  5 10]
[ 0  0  5  7 10]
chord: [55, 57, 64, 69, 74]
gcts found: 
[ 9  0  3  5 10]
[ 2  0  5  7 10]
chord: [52, 57, 62, 71]
gcts found: 
[ 7  0  3  5 10]
[ 0  0  5  7 10]
chord: [48, 57, 62, 67]
gcts found: 
[10  0  5  7 10]
[ 5  0  3  5 10]
chord: [50, 57, 60, 67]
gcts found: 
[10  0  5  7 10]
[ 5  0  3  5 10]
chord: [52, 57, 62, 71]
gcts found: 
[ 7  0  3  5 10]
[ 0  0  5  7 10]
chord: [48, 57, 62, 67]
gcts found: 
[10  0  5  7 10]
[ 5  0  3  5 10]
chord: [50, 57, 60, 67]
gcts found: 
[10  0  5  7 10]
[ 5  0  3  5 10]
chord: [54, 59, 61, 68]
gcts found: 
[ 4  0  5  7 10]
[11  0  3  5 10]
chord: [57, 64, 66, 71]
gcts found: 
[ 2  0  5  7 10]
[ 9  0  3  5 10]
chord: [54, 59, 61, 68]
gcts found: 
[ 4  0  5  7 10]
[11  0  3  5 10]
chord: [43, 57, 60, 74]
gcts found: 
[ 7  0  5  7 10]
[ 2  0  3  5 10]
chord: [58, 60, 64, 78]
gcts found: 
[ 8  0  4  6 10]
[ 2  0  4  6 10]
chord: [55, 57, 61, 75]
gcts found: 
[ 5  0  4  6 10]
[11  0  4  6 10]
chord: [49, 52, 55, 70]
gcts found: 
[2 0 3 6 9]
[5 0 3 6 9]
[11  0  3  6  9]
[8 0 3 6 9]
chord: [51, 57, 67, 70, 78]
gcts found: 
[ 0  0  4  7 15 18]
[ 0  0  3  7 16 18]
chord: [52, 59, 66, 69]
gcts found: 
[ 4  0  5  7 10]
[11  0  3  5 10]
chord: [52, 55, 62, 66]
gcts found: 
[ 9  0  3 10 14]
[ 7  0  4  5 14]
chord: [50, 54, 60, 64]
gcts found: 
[ 7  0  4 10 14]
[ 5  0  4  6 14]
chord: [52, 55, 62, 66]
gcts found: 
[ 9  0  3 10 14]
[ 7  0  4  5 14]
chord: [52, 59, 66, 69]
gcts found: 
[ 4  0  5  7 10]
[11  0  3  5 10]
chord: [52, 55, 62, 66]
gcts found: 
[ 9  0  3 10 14]
[ 7  0  4  5 14]
chord: [50, 54, 60, 64]
gcts found: 
[ 7  0  4 10 14]
[ 5  0  4  6 14]
chord: [52, 55, 62, 66]
gcts found: 
[ 9  0  3 10 14]
[ 7  0  4  5 14]
chord: [58, 60, 63, 65]
gcts found: 
[ 7  0  5  7 10]
[ 2  0  3  5 10]
chord: [69, 71, 74, 76]
gcts found: 
[ 0  0  3  5 10]
[ 5  0  5  7 10]
chord: [65, 67, 70, 72]
gcts found: 
[ 0  0  3  5 10]
[ 5  0  5  7 10]
chord: [65, 67, 70, 72]
gcts found: 
[ 0  0  3  5 10]
[ 5  0  5  7 10]
chord: [65, 67, 70, 72]
gcts found: 
[ 0  0  3  5 10]
[ 5  0  5  7 10]
chord: [65, 67, 70, 72]
gcts found: 
[ 0  0  3  5 10]
[ 5  0  5  7 10]
chord: [65, 67, 70, 72]
gcts found: 
[ 0  0  3  5 10]
[ 5  0  5  7 10]
chord: [65, 67, 70, 72]
gcts found: 
[ 0  0  3  5 10]
[ 5  0  5  7 10]
chord: [65, 67, 70, 72]
gcts found: 
[ 0  0  3  5 10]
[ 5  0  5  7 10]
chord: [60, 62, 65, 67]
gcts found: 
[ 0  0  3  5 10]
[ 5  0  5  7 10]
chord: [60, 62, 65, 67]
gcts found: 
[ 0  0  3  5 10]
[ 5  0  5  7 10]
chord: [65, 67, 70, 72]
gcts found: 
[ 0  0  3  5 10]
[ 5  0  5  7 10]
chord: [65, 67, 70, 72]
gcts found: 
[ 0  0  3  5 10]
[ 5  0  5  7 10]
chord: [65, 67, 70, 72]
gcts found: 
[ 0  0  3  5 10]
[ 5  0  5  7 10]
chord: [65, 67, 70, 72]
gcts found: 
[ 0  0  3  5 10]
[ 5  0  5  7 10]
chord: [65, 67, 70, 72]
gcts found: 
[ 0  0  3  5 10]
[ 5  0  5  7 10]
chord: [65, 67, 70, 72]
gcts found: 
[ 0  0  3  5 10]
[ 5  0  5  7 10]
chord: [65, 67, 70, 72]
gcts found: 
[ 0  0  3  5 10]
[ 5  0  5  7 10]
chord: [65, 67, 70, 72]
gcts found: 
[ 0  0  3  5 10]
[ 5  0  5  7 10]
chord: [65, 67, 70, 72]
gcts found: 
[ 0  0  3  5 10]
[ 5  0  5  7 10]
chord: [65, 67, 70, 72]
gcts found: 
[ 0  0  3  5 10]
[ 5  0  5  7 10]
chord: [68, 70, 73, 75]
gcts found: 
[ 0  0  3  5 10]
[ 5  0  5  7 10]
chord: [68, 70, 75, 77]
gcts found: 
[ 0  0  5  7 10]
[ 7  0  3  5 10]
chord: [68, 70, 73, 75]
gcts found: 
[ 0  0  3  5 10]
[ 5  0  5  7 10]
chord: [68, 70, 73, 75]
gcts found: 
[ 0  0  3  5 10]
[ 5  0  5  7 10]
chord: [63, 65, 68, 70]
gcts found: 
[ 5  0  5  7 10]
[ 0  0  3  5 10]
chord: [63, 65, 68, 70]
gcts found: 
[ 5  0  5  7 10]
[ 0  0  3  5 10]
chord: [63, 65, 68, 70]
gcts found: 
[ 5  0  5  7 10]
[ 0  0  3  5 10]
chord: [63, 65, 68, 70]
gcts found: 
[ 5  0  5  7 10]
[ 0  0  3  5 10]
chord: [65, 67, 70, 72]
gcts found: 
[ 0  0  3  5 10]
[ 5  0  5  7 10]
chord: [65, 67, 70, 72]
gcts found: 
[ 0  0  3  5 10]
[ 5  0  5  7 10]
chord: [65, 67, 70, 72]
gcts found: 
[ 0  0  3  5 10]
[ 5  0  5  7 10]
chord: [65, 67, 70, 72]
gcts found: 
[ 0  0  3  5 10]
[ 5  0  5  7 10]
chord: [65, 67, 70, 72]
gcts found: 
[ 0  0  3  5 10]
[ 5  0  5  7 10]
chord: [67, 69, 72, 74]
gcts found: 
[ 5  0  5  7 10]
[ 0  0  3  5 10]
chord: [67, 69, 72, 74]
gcts found: 
[ 5  0  5  7 10]
[ 0  0  3  5 10]
chord: [67, 69, 72, 74]
gcts found: 
[ 5  0  5  7 10]
[ 0  0  3  5 10]
chord: [67, 69, 72, 74]
gcts found: 
[ 5  0  5  7 10]
[ 0  0  3  5 10]
chord: [67, 69, 72, 74]
gcts found: 
[ 5  0  5  7 10]
[ 0  0  3  5 10]
chord: [67, 69, 72, 74]
gcts found: 
[ 5  0  5  7 10]
[ 0  0  3  5 10]
chord: [67, 69, 72, 74]
gcts found: 
[ 5  0  5  7 10]
[ 0  0  3  5 10]
chord: [70, 72, 75, 77]
gcts found: 
[ 5  0  5  7 10]
[ 0  0  3  5 10]
chord: [70, 72, 75, 77]
gcts found: 
[ 5  0  5  7 10]
[ 0  0  3  5 10]
chord: [70, 72, 75, 77]
gcts found: 
[ 5  0  5  7 10]
[ 0  0  3  5 10]
chord: [66, 69, 71, 76]
gcts found: 
[ 0  0  5  7 10]
[ 7  0  3  5 10]
chord: [66, 69, 71, 76]
gcts found: 
[ 0  0  5  7 10]
[ 7  0  3  5 10]
chord: [66, 69, 71, 76]
gcts found: 
[ 0  0  5  7 10]
[ 7  0  3  5 10]
chord: [66, 69, 71, 76]
gcts found: 
[ 0  0  5  7 10]
[ 7  0  3  5 10]
chord: [65, 67, 69, 70]
gcts found: 
[ 0  0  3 10 14]
[10  0  4  5 14]
chord: [62, 67, 69, 72]
gcts found: 
[ 7  0  5  7 10]
[ 2  0  3  5 10]
chord: [67, 69, 72, 74]
gcts found: 
[ 5  0  5  7 10]
[ 0  0  3  5 10]
chord: [67, 69, 72, 74]
gcts found: 
[ 5  0  5  7 10]
[ 0  0  3  5 10]
chord: [67, 69, 72, 74]
gcts found: 
[ 5  0  5  7 10]
[ 0  0  3  5 10]
chord: [67, 69, 72, 74]
gcts found: 
[ 5  0  5  7 10]
[ 0  0  3  5 10]
chord: [67, 69, 72, 74]
gcts found: 
[ 5  0  5  7 10]
[ 0  0  3  5 10]
chord: [67, 69, 72, 74]
gcts found: 
[ 5  0  5  7 10]
[ 0  0  3  5 10]
chord: [67, 69, 72, 74]
gcts found: 
[ 5  0  5  7 10]
[ 0  0  3  5 10]
chord: [67, 69, 72, 74]
gcts found: 
[ 5  0  5  7 10]
[ 0  0  3  5 10]
chord: [67, 69, 72, 74]
gcts found: 
[ 5  0  5  7 10]
[ 0  0  3  5 10]
chord: [67, 69, 72, 74]
gcts found: 
[ 5  0  5  7 10]
[ 0  0  3  5 10]
chord: [67, 69, 72, 74]
gcts found: 
[ 5  0  5  7 10]
[ 0  0  3  5 10]
chord: [67, 69, 72, 74]
gcts found: 
[ 5  0  5  7 10]
[ 0  0  3  5 10]
chord: [67, 69, 72, 74]
gcts found: 
[ 5  0  5  7 10]
[ 0  0  3  5 10]
chord: [67, 69, 72, 74]
gcts found: 
[ 5  0  5  7 10]
[ 0  0  3  5 10]
chord: [67, 69, 72, 74]
gcts found: 
[ 5  0  5  7 10]
[ 0  0  3  5 10]
chord: [67, 69, 72, 74]
gcts found: 
[ 5  0  5  7 10]
[ 0  0  3  5 10]
chord: [67, 69, 72, 74]
gcts found: 
[ 5  0  5  7 10]
[ 0  0  3  5 10]
chord: [67, 69, 72, 74]
gcts found: 
[ 5  0  5  7 10]
[ 0  0  3  5 10]
chord: [67, 69, 72, 74]
gcts found: 
[ 5  0  5  7 10]
[ 0  0  3  5 10]
chord: [67, 69, 72, 74]
gcts found: 
[ 5  0  5  7 10]
[ 0  0  3  5 10]
chord: [67, 69, 72, 74]
gcts found: 
[ 5  0  5  7 10]
[ 0  0  3  5 10]
chord: [65, 67, 70, 72]
gcts found: 
[ 0  0  3  5 10]
[ 5  0  5  7 10]
chord: [47, 52, 62, 69]
gcts found: 
[ 9  0  3  5 10]
[ 2  0  5  7 10]
chord: [49, 58, 70, 75, 80]
gcts found: 
[11  0  3  5 10]
[ 4  0  5  7 10]
chord: [61, 66, 71, 76]
gcts found: 
[ 7  0  5  7 10]
[ 2  0  3  5 10]
chord: [61, 66, 71, 76]
gcts found: 
[ 7  0  5  7 10]
[ 2  0  3  5 10]
chord: [57, 59, 66, 71, 76, 78]
gcts found: 
[ 0  0  5  7 10]
[ 7  0  3  5 10]
chord: [47, 52, 59, 66, 71, 76, 85]
gcts found: 
[ 7  0  5  7 10]
[ 2  0  3  5 10]
chord: [47, 54, 61, 68, 71]
gcts found: 
[ 2  0  5  7 10]
[ 9  0  3  5 10]
chord: [60, 65, 70, 75]
gcts found: 
[ 5  0  5  7 10]
[ 0  0  3  5 10]
chord: [53, 58, 63, 68]
gcts found: 
[10  0  5  7 10]
[ 5  0  3  5 10]
chord: [41, 58, 63, 68]
gcts found: 
[10  0  5  7 10]
[ 5  0  3  5 10]
chord: [52, 57, 62, 71]
gcts found: 
[ 7  0  3  5 10]
[ 0  0  5  7 10]
chord: [50, 71, 76, 81]
gcts found: 
[ 9  0  3  5 10]
[ 2  0  5  7 10]
chord: [57, 66, 71, 76]
gcts found: 
[ 9  0  5  7 10]
[ 4  0  3  5 10]
chord: [64, 73, 78, 83]
gcts found: 
[ 4  0  5  7 10]
[11  0  3  5 10]
chord: [62, 71, 76, 81]
gcts found: 
[ 9  0  3  5 10]
[ 2  0  5  7 10]
chord: [57, 66, 71, 76]
gcts found: 
[ 9  0  5  7 10]
[ 4  0  3  5 10]
chord: [52, 61, 66, 71]
gcts found: 
[ 4  0  5  7 10]
[11  0  3  5 10]
chord: [50, 59, 64, 69]
gcts found: 
[ 9  0  3  5 10]
[ 2  0  5  7 10]
chord: [50, 57, 59, 64, 69, 74]
gcts found: 
[ 9  0  3  5 10]
[ 2  0  5  7 10]
chord: [50, 57, 59, 64, 69, 74]
gcts found: 
[ 9  0  3  5 10]
[ 2  0  5  7 10]
chord: [37, 44, 54, 59, 66]
gcts found: 
[ 7  0  5  7 10]
[ 2  0  3  5 10]
chord: [38, 41, 48, 64, 72, 77]
gcts found: 
[ 5  0  3 10 14]
[ 3  0  4  5 14]
chord: [50, 60, 67, 72, 81]
gcts found: 
[ 2  0  5  7 10]
[ 9  0  3  5 10]
chord: [50, 60, 65, 74, 79]
gcts found: 
[ 2  0  3  5 10]
[ 7  0  5  7 10]
chord: [55, 60, 69, 74, 79]
gcts found: 
[ 2  0  5  7 10]
[ 9  0  3  5 10]
chord: [47, 48, 50, 51, 53]
gcts found: 
[ 0  0  3  4  6 13]
[ 3  0  3  9 10 13]
chord: [60, 62, 64, 65, 67, 79, 81, 83, 84, 86]
gcts found: 
[ 5  0  3  7  8 10 13 17]
[ 8  0  4  7  9 10 14 17]
[ 3  0  3  7  9 10 14 17]
[10  0  3  7  8 10 14 17]
[ 1  0  4  7  9 11 14 17]
chord: [53, 55, 57, 59, 60, 81, 83, 84, 86, 88]
gcts found: 
[ 5  0  3  7  8 10 13 17]
[ 8  0  4  7  9 10 14 17]
[ 3  0  3  7  9 10 14 17]
[10  0  3  7  8 10 14 17]
[ 1  0  4  7  9 11 14 17]
chord: [55, 57, 59, 60]
gcts found: 
[ 0  0  4  5 14]
[ 2  0  3 10 14]
chord: [55, 57, 59, 61]
gcts found: 
[ 0  0  4  6 14]
[ 2  0  4 10 14]
chord: [53, 55, 57, 59]
gcts found: 
[ 0  0  4 10 14]
[10  0  4  6 14]
chord: [49, 55, 57, 59]
gcts found: 
[ 0  0  4  6 14]
[ 2  0  4 10 14]
chord: [48, 55, 57, 59]
gcts found: 
[ 0  0  4  5 14]
[ 2  0  3 10 14]
chord: [58, 61, 63, 80, 82, 85]
gcts found: 
[10  0  3  5 10]
[ 3  0  5  7 10]
chord: [41, 42, 43, 44, 45, 46]
gcts found: 
[ 7  0  3 10 11 13 14]
[ 6  0  3  4 11 13 14]
[ 5  0  3  4  5 13 14]
chord: [41, 42, 43, 44, 45, 46]
gcts found: 
[ 7  0  3 10 11 13 14]
[ 6  0  3  4 11 13 14]
[ 5  0  3  4  5 13 14]
chord: [36, 37, 38, 39, 40]
gcts found: 
[ 1  0  3 11 13 14]
[ 0  0  3  4 13 14]
chord: [41, 42, 43, 44, 45, 46]
gcts found: 
[ 7  0  3 10 11 13 14]
[ 6  0  3  4 11 13 14]
[ 5  0  3  4  5 13 14]
chord: [36, 37, 38, 39, 40]
gcts found: 
[ 1  0  3 11 13 14]
[ 0  0  3  4 13 14]
chord: [36, 37, 38, 39, 40]
gcts found: 
[ 1  0  3 11 13 14]
[ 0  0  3  4 13 14]
chord: [29, 30, 31, 32, 33, 34]
gcts found: 
[ 7  0  3 10 11 13 14]
[ 6  0  3  4 11 13 14]
[ 5  0  3  4  5 13 14]
chord: [36, 37, 38, 39, 40]
gcts found: 
[ 1  0  3 11 13 14]
[ 0  0  3  4 13 14]
chord: [41, 48, 58, 60, 63]
gcts found: 
[ 0  0  5  7 10]
[ 7  0  3  5 10]
chord: [44, 51, 60, 62, 65, 70, 74]
gcts found: 
[ 5  0  4  7 10 14 17]
[ 0  0  3  7  9 10 17]
chord: [58, 61, 66, 68, 72, 73, 75]
gcts found: 
[ 5  0  3  7  9 10 17]
[10  0  4  7 10 14 17]
chord: [46, 54, 56, 60, 61, 63, 65]
gcts found: 
[ 5  0  3  7  9 10 14 17]
[ 0  0  3  7  8 10 14 17]
[ 3  0  4  7  9 11 14 17]
[ 7  0  3  7  8 10 13 17]
[10  0  4  7  9 10 14 17]
chord: [46, 51, 56, 58, 61, 68]
gcts found: 
[ 0  0  3  5 10]
[ 5  0  5  7 10]
chord: [48, 54, 56, 58, 61, 63]
gcts found: 
[ 5  0  3  7  9 10 17]
[10  0  4  7 10 14 17]
chord: [42, 49, 58, 63, 65, 66, 68, 70, 72, 73, 75, 77, 78, 80]
gcts found: 
[ 5  0  3  7  9 10 14 17]
[ 0  0  3  7  8 10 14 17]
[ 3  0  4  7  9 11 14 17]
[ 7  0  3  7  8 10 13 17]
[10  0  4  7  9 10 14 17]
chord: [48, 56, 58, 63, 66, 70, 73, 78]
gcts found: 
[ 5  0  3  7  9 10 17]
[10  0  4  7 10 14 17]
chord: [44, 51, 60, 63, 66, 68, 70, 73]
gcts found: 
[ 5  0  3  7  9 10 17]
[10  0  4  7 10 14 17]
chord: [46, 53, 61, 63, 66, 68, 70, 72]
gcts found: 
[ 5  0  3  7  9 10 14 17]
[ 0  0  3  7  8 10 14 17]
[ 3  0  4  7  9 11 14 17]
[ 7  0  3  7  8 10 13 17]
[10  0  4  7  9 10 14 17]
chord: [51, 53, 54, 63, 73]
gcts found: 
[ 5  0  3 10 14]
[ 3  0  4  5 14]
chord: [51, 53, 54, 68, 70, 72, 73]
gcts found: 
[ 5  0  3  7  9 10 14 17]
[ 0  0  3  7  8 10 14 17]
[ 3  0  4  7  9 11 14 17]
[ 7  0  3  7  8 10 13 17]
[10  0  4  7  9 10 14 17]
chord: [51, 53, 54, 61, 63, 68, 70, 72, 73]
gcts found: 
[ 5  0  3  7  9 10 14 17]
[ 0  0  3  7  8 10 14 17]
[ 3  0  4  7  9 11 14 17]
[ 7  0  3  7  8 10 13 17]
[10  0  4  7  9 10 14 17]
chord: [51, 53, 54, 56, 58, 60, 61, 63, 65, 66, 68, 70, 72, 73]
gcts found: 
[ 5  0  3  7  9 10 14 17]
[ 0  0  3  7  8 10 14 17]
[ 3  0  4  7  9 11 14 17]
[ 7  0  3  7  8 10 13 17]
[10  0  4  7  9 10 14 17]
chord: [44, 51, 58, 61, 66, 68, 70, 72]
gcts found: 
[ 5  0  3  7  9 10 17]
[10  0  4  7 10 14 17]
chord: [44, 51, 58, 61, 66, 68, 70, 72]
gcts found: 
[ 5  0  3  7  9 10 17]
[10  0  4  7 10 14 17]
chord: [53, 63, 69, 71, 75]
gcts found: 
[ 6  0  4  6 10]
[ 0  0  4  6 10]
chord: [56, 66, 72, 74, 78]
gcts found: 
[ 0  0  4  6 10]
[ 6  0  4  6 10]
chord: [55, 65, 71, 77, 81]
gcts found: 
[ 6  0  4 10 14]
[ 4  0  4  6 14]
chord: [61, 65, 67, 71, 77]
gcts found: 
[ 6  0  4  6 10]
[ 0  0  4  6 10]
chord: [46, 50, 56, 60, 68, 72]
gcts found: 
[ 0  0  4 10 14]
[10  0  4  6 14]
chord: [54, 60, 64, 66, 70]
gcts found: 
[ 8  0  4  6 10]
[ 2  0  4  6 10]
chord: [54, 60, 64, 66, 70]
gcts found: 
[ 8  0  4  6 10]
[ 2  0  4  6 10]
chord: [41, 71, 73, 79, 83]
gcts found: 
[ 2  0  4  6 10]
[ 8  0  4  6 10]
chord: [41, 67, 71, 73, 79]
gcts found: 
[ 2  0  4  6 10]
[ 8  0  4  6 10]
chord: [45, 48, 55, 74]
gcts found: 
[ 5  0  5  7 10]
[ 0  0  3  5 10]
chord: [43, 46, 53, 60]
gcts found: 
[ 5  0  3  5 10]
[10  0  5  7 10]
chord: [50, 55, 57, 60, 74]
gcts found: 
[ 0  0  5  7 10]
[ 7  0  3  5 10]
chord: [50, 55, 57, 60, 74]
gcts found: 
[ 0  0  5  7 10]
[ 7  0  3  5 10]
chord: [50, 55, 57, 60, 74]
gcts found: 
[ 0  0  5  7 10]
[ 7  0  3  5 10]
chord: [50, 55, 57, 60, 74]
gcts found: 
[ 0  0  5  7 10]
[ 7  0  3  5 10]
chord: [50, 55, 57, 60, 74]
gcts found: 
[ 0  0  5  7 10]
[ 7  0  3  5 10]
chord: [50, 55, 57, 60, 74]
gcts found: 
[ 0  0  5  7 10]
[ 7  0  3  5 10]
chord: [50, 55, 57, 60, 74]
gcts found: 
[ 0  0  5  7 10]
[ 7  0  3  5 10]
chord: [50, 55, 57, 60, 74]
gcts found: 
[ 0  0  5  7 10]
[ 7  0  3  5 10]
chord: [49, 54, 56, 59, 73]
gcts found: 
[11  0  5  7 10]
[ 6  0  3  5 10]
chord: [49, 54, 56, 59, 73]
gcts found: 
[11  0  5  7 10]
[ 6  0  3  5 10]
chord: [49, 54, 56, 59, 73]
gcts found: 
[11  0  5  7 10]
[ 6  0  3  5 10]
chord: [49, 54, 56, 59, 73]
gcts found: 
[11  0  5  7 10]
[ 6  0  3  5 10]
chord: [50, 55, 57, 60, 74]
gcts found: 
[ 0  0  5  7 10]
[ 7  0  3  5 10]
chord: [50, 55, 57, 60, 74]
gcts found: 
[ 0  0  5  7 10]
[ 7  0  3  5 10]
chord: [50, 55, 57, 60, 74]
gcts found: 
[ 0  0  5  7 10]
[ 7  0  3  5 10]
chord: [50, 55, 57, 60, 74]
gcts found: 
[ 0  0  5  7 10]
[ 7  0  3  5 10]
chord: [50, 55, 57, 60]
gcts found: 
[ 0  0  5  7 10]
[ 7  0  3  5 10]
chord: [36, 43, 53, 58]
gcts found: 
[ 0  0  3  5 10]
[ 5  0  5  7 10]
chord: [54, 59, 64, 73]
gcts found: 
[ 7  0  5  7 10]
[ 2  0  3  5 10]
chord: [54, 59, 64, 73]
gcts found: 
[ 7  0  5  7 10]
[ 2  0  3  5 10]
chord: [54, 59, 64, 73]
gcts found: 
[ 7  0  5  7 10]
[ 2  0  3  5 10]
chord: [54, 59, 64, 73]
gcts found: 
[ 7  0  5  7 10]
[ 2  0  3  5 10]
chord: [54, 59, 64, 73]
gcts found: 
[ 7  0  5  7 10]
[ 2  0  3  5 10]
chord: [54, 57, 59, 64]
gcts found: 
[ 7  0  5  7 10]
[ 2  0  3  5 10]
chord: [65, 67, 70, 72]
gcts found: 
[ 0  0  3  5 10]
[ 5  0  5  7 10]
