================== Logging initialisation ================== 
Initialising file: /home/maximos/repos/chameleon_noblend/training_logs/DiatonicModalityPandiatonic.txt
NEW IDIOM ============================================ 
Idiom name: DiatonicModalityPandiatonic

NEW PIECE ========================= 
Piece name: pan1_debussy.xml

tonality offsets: [0]
grouping offsets: [0, 6.0]
phrase starting offset: 0
phrase ending offset: 6.0
phrase type: tonality
phrase level: 1
phrase tonality: 6 - [ 0  2  4  5  7  9 11]
phrase MIDIs and GCTs: 
[ 9  0  3  7 10] - [42, 49, 58, 63, 70]
[ 9  0  3  7 10] - [39, 46, 54, 61, 66]
[ 9  0  3  7 10] - [37, 42, 51, 58, 63]
[ 9  0  3  7 10] - [39, 46, 54, 61, 66]
[ 9  0  3  7 10] - [42, 49, 58, 63, 70]
[ 9  0  3  7 10] - [46, 51, 61, 66, 73]
[ 9  0  3  7 10] - [42, 49, 58, 63, 70]
[ 9  0  3  7 10] - [39, 46, 54, 61, 66]
[ 5  0  4  7 11] - [35, 42, 51, 58, 63]
[ 0  0  5  7 14] - [37, 44, 54, 59, 66]
cadence: 
[5 0 4 7 11]-[0 0 5 7 14]

phrase type: grouping
phrase level: 4
phrase tonality: 6 - [ 0  2  4  5  7  9 11]
phrase MIDIs and GCTs: 
[ 9  0  3  7 10] - [42, 49, 58, 63, 70]
[ 9  0  3  7 10] - [46, 51, 54, 61, 66]
[ 9  0  3  7 10] - [49, 54, 58, 63, 70]
[ 9  0  3  7 10] - [51, 58, 61, 66, 73]
[ 9  0  3  7 10] - [54, 61, 63, 70, 75]
[ 9  0  3  7 10] - [58, 63, 66, 73, 78]
[ 9  0  3  7 10] - [61, 66, 70, 75, 82]
[ 9  0  3  7 10] - [58, 63, 66, 73, 78]
[ 2  0  3  7 10 14] - [44, 51, 54, 59, 70]
[7 0 4 7] - [49, 53, 56, 61]
[0 0 5] - [35, 42, 47, 54, 59, 66]
cadence: 
[7 0 4 7]-[0 0 5]

NEW PIECE ========================= 
Piece name: pan5_stravinsky.xml

tonality offsets: [0]
grouping offsets: [0, 12.0]
phrase starting offset: 0
phrase ending offset: 12.0
phrase type: tonality
phrase level: 1
phrase tonality: 7 - [ 0  2  4  5  7  9 10]
phrase MIDIs and GCTs: 
[10  0  4  7 11] - [41, 45, 53, 57, 64, 72, 76]
[5 0 4 7 9] - [45, 48, 55, 64, 72, 76]
[10  0  4  7 11] - [45, 48, 53, 64, 72, 76]
[7 0 3 7 9] - [41, 45, 50, 53, 62, 71, 74]
[ 9  0  3  7 10 13 17] - [41, 45, 52, 55, 62, 71, 74]
[ 0  0  4  7 10] - [43, 47, 53, 62, 71, 74]
[ 9  0  3  7 10] - [43, 47, 52, 62, 71, 74]
[ 7  0  3  7 10] - [41, 45, 53, 57, 60, 69, 74]
[10  0  4  7 11] - [41, 45, 53, 57, 64, 72, 76]
[ 9  0  3  7 10 13 17] - [41, 45, 52, 67, 71, 74]
[10  0  4  7] - [41, 45, 48, 69, 72]
[ 9  0  3  7 10] - [40, 43, 52, 55, 67, 71, 74]
[ 5  0  4  7 14] - [40, 43, 50, 64, 72, 76]
cadence: 
[9 0 3 7 10]-[5 0 4 7 14]

phrase type: grouping
phrase level: 4
phrase tonality: 7 - [ 0  2  4  5  7  9 10]
phrase MIDIs and GCTs: 
[10  0  4  7 11] - [41, 45, 52, 64, 72, 76]
[10  0  4  7 11 18] - [41, 45, 59, 64, 72, 76]
[ 5  0  4  7 14] - [40, 43, 50, 64, 72, 76]
[5 0 4 7] - [40, 43, 48, 64, 72, 76]
[ 7  0  3 10 14] - [38, 41, 48, 64, 72, 77]
[ 7  0  3 10 14] - [38, 41, 53, 64, 72, 76]
[ 7  0  3 10 14] - [41, 48, 50, 64, 72, 74]
[ 4  0  5  6 13 15] - [41, 47, 50, 64, 72, 76]
[ 7  0  3  7 10 14] - [38, 41, 48, 65, 69, 72, 76]
[ 7  0  3  7  9 10 14] - [38, 41, 47, 65, 69, 72, 76]
[ 9  0  3  7  8 10] - [43, 48, 52, 67, 71, 74]
cadence: 
[7 0 3 7 9 10 14]-[9 0 3 7 8 10]

NEW PIECE ========================= 
Piece name: red_4_stravinsky_cont.xml

tonality offsets: [0]
grouping offsets: [0]
phrase type: grouping
phrase level: 4
phrase tonality: 0 - [ 0  2  4  5  7  9 11]
phrase MIDIs and GCTs: 
[ 2  0  5 10] - [50, 60, 67, 74, 86]
[ 2  0  5  7 10] - [50, 60, 67, 72, 81]
[ 4  0  3  7 10] - [52, 59, 67, 74, 79]
[ 5  0  4  7 14] - [53, 60, 67, 72, 81]
[ 2  0  3  7 10] - [50, 60, 69, 72, 77]
[4 0 3 7 8] - [48, 59, 67, 72, 76]
[ 0  0  4  7 14] - [52, 60, 67, 74, 79]
[ 2  0  5 10 15] - [50, 60, 65, 74, 79]
[ 2  0  5 10] - [50, 60, 67, 74, 86]
[ 7  0  4  7 10 14] - [53, 59, 69, 74, 79]
[ 4  0  3  7 10] - [52, 59, 67, 74, 79]
[ 7  0  5 14] - [55, 60, 67, 72, 81]
[ 7  0  5 10 15] - [55, 60, 67, 70, 77]
[ 4  0  3  7  8 17] - [57, 59, 67, 72, 76]
[ 2  0  5  7 10] - [55, 60, 69, 74, 79]
cadence: 
[4 0 3 7 8 17]-[2 0 5 7 10]

NEW PIECE ========================= 
Piece name: mod5_phrygian_debussy.xml

tonality offsets: [0]
grouping offsets: [0]
phrase type: grouping
phrase level: 4
phrase tonality: 7 - [ 0  1  3  5  7  8 10]
phrase MIDIs and GCTs: 
[0 0 3 7] - [43, 50, 58, 67]
[10  0  3  7  9] - [44, 50, 60, 65]
[3 0 4 7] - [46, 53, 58, 62]
[10  0  3  7  9] - [41, 50, 60, 68]
[0 0 3 7] - [43, 50, 58, 67]
[10  0  3  7  9] - [44, 50, 60, 65]
[3 0 4 7] - [46, 53, 58, 62]
[ 1  0  4  6 10] - [44, 54, 60, 62]
[0 0 3] - [43, 55, 58, 70]
cadence: 
[1 0 4 6 10]-[0 0 3]

NEW PIECE ========================= 
Piece name: mod2interchange_debussy.xml

tonality offsets: [0, 16.0]
grouping offsets: [0, 16.0]
phrase starting offset: 0
phrase ending offset: 16.0
phrase type: tonality
phrase level: 1
phrase tonality: 2 - [ 0  2  3  5  7  8 10]
phrase MIDIs and GCTs: 
[ 2  0 10] - [62, 64]
[ 0  0  3 14] - [62, 64, 65]
[8 0 4 6] - [62, 64, 70]
[ 0  0  3 10 14] - [62, 64, 65, 72]
[ 2  0 10] - [62, 64, 76]
[ 5  0  3  7  9 10] - [62, 64, 65, 67, 70, 74]
[ 2  0  3 10] - [62, 64, 67]
[10  0  4 14] - [62, 64, 72]
[ 0  0  3  7 14] - [62, 64, 65, 69]
cadence: 
[10 0 4 14]-[0 0 3 7 14]

phrase type: grouping
phrase level: 4
phrase tonality: 2 - [ 0  2  3  5  7  9 10]
phrase MIDIs and GCTs: 
[ 2  0  3  7 10 17] - [43, 50, 59, 62, 64, 69]
[ 3  0  4  7 11 18] - [41, 48, 57, 64, 65, 71]
[ 2  0  3  7  8 10] - [40, 47, 55, 62, 64, 72]
[ 0  0  3  7 14] - [38, 45, 53, 57, 64, 65, 74]
[ 0  0  3  7 14] - [38, 45, 53, 57, 65, 76]
[2 0] - [76]
[10  0  4  7] - [60, 64, 67, 72]
cadence: 
[2 0]-[10 0 4 7]

NEW PIECE ========================= 
Piece name: mod4_satie.xml

tonality offsets: [0, 21.0, 33.0]
grouping offsets: [0, 9.0, 21.0, 33.0, 45.0]
phrase starting offset: 0
phrase ending offset: 9.0
phrase type: tonality
phrase level: 1
phrase tonality: 2 - [ 0  2  4  5  7  9 11]
phrase MIDIs and GCTs: 
[4 0 3 7 8] - [38, 57, 61, 66, 78]
[2 0 3 7] - [40, 59, 64, 67, 79]
[4 0 3 7] - [42, 57, 61, 66, 78]
cadence: 
[2 0 3 7]-[4 0 3 7]

phrase starting offset: 9.0
phrase ending offset: 21.0
phrase type: grouping
phrase level: 1
phrase tonality: 2 - [ 0  2  4  5  7  9 11]
phrase MIDIs and GCTs: 
[9 0 3 7] - [35, 59, 62, 66, 71]
[7 0 4 7] - [40, 61, 64, 69, 73]
[ 4  0  3  7 10] - [40, 57, 61, 66, 73]
[ 9  0  3  7 10 17] - [40, 47, 57, 62, 66]
[ 2  0  3  7 10 14] - [40, 52, 59, 62, 66, 67]
cadence: 
[9 0 3 7 10 17]-[2 0 3 7 10 14]

phrase starting offset: 21.0
phrase ending offset: 33.0
phrase type: tonality
phrase level: 1
phrase tonality: 2 - [ 0  2  4  5  7  9 10]
phrase MIDIs and GCTs: 
[10  0  4  7  9] - [45, 55, 60, 64, 69, 72]
[0 0 4 7] - [38, 45, 50, 62, 66, 69, 74]
[ 0  0  4  7 11] - [38, 57, 61, 66, 78]
[2 0 3 7] - [40, 59, 64, 67, 79]
cadence: 
[0 0 4 7 11]-[2 0 3 7]

phrase starting offset: 33.0
phrase ending offset: 45.0
phrase type: tonality
phrase level: 1
phrase tonality: 2 - [ 0  2  3  5  7  9 10]
phrase MIDIs and GCTs: 
[0 0 3 7] - [57, 62, 65, 77]
[3 0 4 7] - [57, 60, 65, 72]
[7 0 3 7] - [40, 60, 64, 69, 72]
[ 3  0  4  7 11] - [40, 57, 60, 65, 72]
cadence: 
[7 0 3 7]-[3 0 4 7 11]

phrase type: grouping
phrase level: 4
phrase tonality: 2 - [ 0  2  3  5  7  9 10]
phrase MIDIs and GCTs: 
[ 0  0  3  7  9 14] - [40, 47, 57, 62, 65]
[ 2  0  3  7 10 13] - [40, 52, 59, 62, 65, 67]
[10  0  4  7  9] - [45, 55, 60, 64, 69, 72]
[0 0 3 7] - [38, 45, 50, 62, 65, 69, 74]
cadence: 
[10 0 4 7 9]-[0 0 3 7]

NEW PIECE ========================= 
Piece name: mod1_lydian_debussy.xml

tonality offsets: [0]
grouping offsets: [0]
phrase type: grouping
phrase level: 4
phrase tonality: 9 - [ 0  2  4  6  7  9 11]
phrase MIDIs and GCTs: 
[0 0 4 7] - [45, 52, 57, 61, 64, 69]
[ 2  0  5 10] - [59, 64, 69, 71]
[ 2  0  5 10] - [59, 64, 69, 71]
[9 0 3 7] - [61, 66, 69, 73]
[0 0 4 7] - [40, 45, 52, 61, 64, 69, 73]
[0 0 4 6] - [63, 69, 73, 75]
[0 0 4 6] - [63, 69, 73, 75]
[0 0 4 7] - [64, 69, 73, 76]
[0 0 4 7] - [45, 52, 57, 64, 69, 73, 76]
[ 4  0  5 15] - [66, 73, 76, 78]
[4 0 3 7] - [68, 73, 76, 80]
[ 0  0  4  7 11] - [40, 45, 52, 68, 73, 76, 80]
[0 0 4 7] - [69, 73, 76, 81]
[0 0 4 7] - [73, 76, 81, 85]
cadence: 
[0 0 4 7]-[0 0 4 7]

NEW PIECE ========================= 
Piece name: pan2_ravel.xml

tonality offsets: [0]
grouping offsets: [0, 6.0]
phrase starting offset: 0
phrase ending offset: 6.0
phrase type: tonality
phrase level: 1
phrase tonality: 6 - [ 0  2  3  5  7  8 10]
phrase MIDIs and GCTs: 
[0 0 3 7] - [66, 69, 73, 78]
[10  0  4  7  9] - [61, 64, 68, 71, 73]
[7 0 3 7] - [61, 64, 68, 73]
[5 0 3 7] - [59, 62, 66, 71]
[ 8  0  4 11] - [61, 62, 66, 73]
[8 0 4 7] - [62, 66, 69, 74]
[10  0  4  7] - [64, 68, 71, 76]
[ 0  0  5 14] - [66, 68, 71, 78]
[ 3  0  4 11] - [68, 69, 73, 80]
[3 0 4 7] - [64, 69, 73, 76]
[ 3  0  4 11] - [68, 69, 73, 80]
[0 0 3 7] - [66, 69, 73, 78]
cadence: 
[3 0 4 11]-[0 0 3 7]

phrase type: grouping
phrase level: 4
phrase tonality: 6 - [ 0  2  3  5  7  8 10]
phrase MIDIs and GCTs: 
[7 0 3 7] - [61, 64, 68, 73]
[7 0 3 7] - [61, 64, 68, 73]
[5 0 3 7] - [59, 62, 66, 71]
[ 8  0  4 11] - [61, 62, 66, 73]
[8 0 4 7] - [62, 66, 69, 74]
[10  0  4  7] - [64, 68, 71, 76]
[ 0  0  5 14] - [66, 68, 71, 78]
[ 3  0  4 11] - [68, 69, 73, 80]
[0 0 3 7] - [66, 69, 73, 78]
cadence: 
[3 0 4 11]-[0 0 3 7]

NEW PIECE ========================= 
Piece name: pan6_stravinsky.xml

tonality offsets: [0]
grouping offsets: [0, 15.0]
phrase starting offset: 0
phrase ending offset: 15.0
phrase type: tonality
phrase level: 1
phrase tonality: 0 - [ 0  2  4  5  7  9 11]
phrase MIDIs and GCTs: 
[11  0  3 13] - [60, 71, 74, 86]
[ 2  0  5 10] - [38, 60, 67, 74, 86]
[ 2  0  5  7 10] - [38, 60, 67, 72, 81]
[ 4  0  3  7  8 17] - [40, 59, 67, 72, 81]
[ 4  0  3  7 10] - [40, 59, 67, 74, 79]
[ 7  0  4  7 10] - [41, 59, 65, 74, 79]
[ 5  0  4  7 14] - [41, 60, 67, 72, 81]
[ 9  0  5 15] - [38, 60, 69, 72, 81]
[ 2  0  3  7 10] - [38, 60, 69, 72, 77]
[ 7  0  4  5 10] - [36, 59, 67, 72, 77]
[4 0 3 7 8] - [36, 59, 67, 76]
[4 0 3 7] - [40, 59, 67, 76]
[ 0  0  4  7 14] - [40, 60, 67, 74, 79]
[ 2  0  5 10 15] - [38, 60, 65, 74, 79]
cadence: 
[0 0 4 7 14]-[2 0 5 10 15]

phrase type: grouping
phrase level: 4
phrase tonality: 0 - [ 0  2  4  5  7  9 11]
phrase MIDIs and GCTs: 
[ 2  0  5 10] - [38, 60, 67, 74, 86]
[2 0 3 7 9] - [41, 59, 69, 74, 86]
[ 7  0  4  7 10 14] - [41, 59, 69, 74, 79]
[ 4  0  3  7 10] - [40, 59, 67, 74, 79]
[0 0 4 7 9] - [40, 60, 67, 72, 81]
[ 7  0  5 14] - [43, 60, 67, 72, 81]
[ 7  0  5 10 15] - [43, 60, 67, 70, 77]
[ 5  0  4  7 11 18] - [45, 59, 65, 72, 76]
[ 4  0  3  7  8 17] - [45, 59, 67, 72, 76]
[ 7  0  4  7 14] - [43, 59, 69, 74, 79]
[ 2  0  5  7 10] - [43, 60, 69, 74, 79]
cadence: 
[7 0 4 7 14]-[2 0 5 7 10]

NEW PIECE ========================= 
Piece name: pan4_barber.xml

tonality offsets: [0]
grouping offsets: [0, 8.0]
phrase starting offset: 0
phrase ending offset: 8.0
phrase type: tonality
phrase level: 1
phrase tonality: 6 - [ 0  2  4  5  7  9 11]
phrase MIDIs and GCTs: 
[ 0  0  4  7 14] - [42, 49, 54, 56, 61, 66, 70]
[ 9  0  3  7 10 14] - [39, 46, 53, 58, 61, 66, 70]
[2 0 3 7 9] - [44, 51, 59, 63, 65, 68]
[ 7  0  4  7 10] - [37, 44, 49, 53, 56, 59, 61, 65]
cadence: 
[2 0 3 7 9]-[7 0 4 7 10]

phrase type: grouping
phrase level: 4
phrase tonality: 6 - [ 0  2  4  5  7  9 11]
phrase MIDIs and GCTs: 
[ 0  0  4  7 14] - [42, 49, 54, 56, 61, 66, 70]
[ 5  0  4  7 11 18] - [39, 46, 53, 58, 59, 66, 70]
[2 0 3 7 9] - [44, 51, 59, 63, 65, 68]
[ 7  0  4  7 10] - [37, 44, 49, 53, 56, 59, 61, 65]
cadence: 
[2 0 3 7 9]-[7 0 4 7 10]

NEW PIECE ========================= 
Piece name: pan3_stravinsky.xml

tonality offsets: [0]
grouping offsets: [0, 4.0, 8.0, 12.0]
phrase starting offset: 0
phrase ending offset: 4.0
phrase type: tonality
phrase level: 1
phrase tonality: 0 - [ 0  2  4  5  7  9 11]
phrase MIDIs and GCTs: 
[ 7  0  4  7 10 14] - [55, 62, 65, 67, 69, 71, 74, 77, 83]
[ 0  0  4  7 14 17] - [55, 62, 65, 67, 72, 76, 79, 84]
[ 2  0  3  7 17] - [55, 62, 65, 67, 74, 77, 81, 86]
[ 4  0  3  7 10 13] - [55, 62, 65, 67, 76, 79, 83, 88]
[ 2  0  3  7 17] - [55, 62, 65, 67, 74, 77, 81, 86]
[ 0  0  4  7 14 17] - [55, 62, 65, 67, 72, 76, 79, 84]
[ 7  0  4  7 10] - [55, 62, 65, 67, 71, 74, 77, 83]
[0 0 4 7 9] - [55, 60, 64, 67, 69, 72, 76, 81]
[ 7  0  4  7 10 14] - [55, 59, 62, 65, 67, 69, 71, 74, 77, 83]
cadence: 
[0 0 4 7 9]-[7 0 4 7 10 14]

phrase starting offset: 4.0
phrase ending offset: 8.0
phrase type: grouping
phrase level: 2
phrase tonality: 0 - [ 0  2  4  5  7  9 11]
phrase MIDIs and GCTs: 
[ 7  0  4  7 10 14] - [55, 62, 65, 67, 69, 71, 74, 77, 83]
[ 0  0  4  7 14 17] - [55, 62, 65, 67, 72, 76, 79, 84]
[ 2  0  3  7 17] - [55, 62, 65, 67, 74, 77, 81, 86]
[ 4  0  3  7 10 13] - [55, 62, 65, 67, 76, 79, 83, 88]
[ 2  0  3  7 17] - [55, 62, 65, 67, 74, 77, 81, 86]
[ 0  0  4  7 14 17] - [55, 62, 65, 67, 72, 76, 79, 84]
[ 7  0  4  7 10] - [55, 62, 65, 67, 71, 74, 77, 83]
[0 0 4 7 9] - [55, 60, 64, 67, 69, 72, 76, 81]
[ 7  0  4  7 10 14] - [55, 59, 62, 65, 67, 69, 71, 74, 77, 83]
cadence: 
[0 0 4 7 9]-[7 0 4 7 10 14]

phrase starting offset: 8.0
phrase ending offset: 12.0
phrase type: grouping
phrase level: 1
phrase tonality: 0 - [ 0  2  4  5  7  9 11]
phrase MIDIs and GCTs: 
[ 7  0  4  7 10 14] - [55, 62, 65, 67, 69, 71, 74, 77, 83]
[ 0  0  4  7 14 17] - [55, 62, 65, 67, 72, 76, 79, 84]
[ 2  0  3  7 17] - [55, 62, 65, 67, 74, 77, 81, 86]
[ 4  0  3  7 10 13] - [55, 62, 65, 67, 76, 79, 83, 88]
[ 2  0  3  7 17] - [55, 62, 65, 67, 74, 77, 81, 86]
[ 0  0  4  7 14 17] - [55, 62, 65, 67, 72, 76, 79, 84]
[ 7  0  4  7 10] - [55, 62, 65, 67, 71, 74, 77, 83]
[0 0 4 7 9] - [55, 60, 64, 67, 69, 72, 76, 81]
[ 7  0  4  7 10 14] - [55, 62, 65, 67, 69, 71, 74, 77, 83]
cadence: 
[0 0 4 7 9]-[7 0 4 7 10 14]

phrase type: grouping
phrase level: 4
phrase tonality: 0 - [ 0  2  4  5  7  9 11]
phrase MIDIs and GCTs: 
[ 7  0  4  7 10] - [55, 62, 65, 67, 71, 74, 77, 83]
[ 0  0  4  7 14 17] - [55, 62, 65, 67, 72, 76, 79, 84]
[ 2  0  3  7 17] - [55, 62, 65, 67, 81, 86]
[ 4  0  3  7 10 13] - [55, 62, 65, 67, 76, 79, 83, 88]
[ 2  0  3  7 17] - [55, 62, 65, 67, 74, 77, 81, 86]
[ 0  0  4  7 14 17] - [55, 62, 65, 67, 72, 76, 79, 84]
[ 7  0  4  7 10] - [55, 62, 65, 67, 71, 74, 77, 83]
[ 2  0  3  7 10 14 17] - [55, 62, 65, 67, 69, 72, 76, 81]
[ 7  0  4  7 10 14] - [55, 62, 65, 67, 69, 71, 74, 79]
[ 2  0  3  7 10 17] - [55, 62, 65, 67, 69, 72, 77]
[4 0 3 7] - [55, 59, 64, 67, 71, 76]
cadence: 
[2 0 3 7 10 17]-[4 0 3 7]

