================== Logging initialisation ================== 
Initialising file: /home/maximos/repos/chameleon_noblend/training_logs/Grieg.txt
NEW IDIOM ============================================ 
Idiom name: Grieg

NEW PIECE ========================= 
Piece name: gg6.xml

tonality offsets: [0]
grouping offsets: [0]
phrase type: grouping
phrase level: 4
phrase tonality: 9 - [ 0  2  3  5  7  8 10]
phrase MIDIs and GCTs: 
[0 0 3 7] - [57, 60, 64, 69, 72]
[5 0 3 7] - [57, 62, 65, 69, 74]
[0 0 3 7] - [57, 60, 64, 69, 72]
[5 0 3 7] - [57, 62, 65, 69, 74]
[0 0 3 7] - [57, 60, 64, 69, 72]
[5 0 3 7 9] - [59, 65, 69, 74]
[5 0 3 7 9] - [62, 65, 69, 71]
[7 0 4 7] - [64, 68, 71]
[ 8  0  4 11] - [64, 65, 69]
[ 8  0  4  7 10] - [63, 65, 69, 72]
[ 7  0  4  7 10] - [62, 68, 71, 76]
[0 0 3 7 9] - [60, 66, 69, 76]
[ 2  0  5  7 10] - [59, 66, 69, 76]
[ 1  0  4  6 10] - [58, 62, 64, 68]
[5 0 3 7] - [57, 62, 65, 69]
[8 0 3 7 9] - [56, 62, 65, 72]
[ 0  0  4  7 10] - [55, 61, 64, 69]
[5 0 4 7] - [54, 62, 69, 74]
[5 0 3 7 9] - [53, 59, 62, 69]
[7 0 4 7] - [52, 59, 64, 68]
[ 5  0  3  7 10] - [50, 60, 65, 69]
[0 0 3 7] - [48, 57, 64, 72]
[ 2  0  4  7 10] - [47, 54, 63, 69]
[ 0  0  5 13] - [46, 50, 62, 69]
[0 0 4 7] - [45, 52, 61, 69]
cadence: 
[0 0 5 13]-[0 0 4 7]

NEW PIECE ========================= 
Piece name: gg1.xml

tonality offsets: [0]
grouping offsets: [0, 20.0, 38.0, 51.0]
phrase starting offset: 0
phrase ending offset: 20.0
phrase type: tonality
phrase level: 1
phrase tonality: 2 - [ 0  2  4  5  7  9 11]
phrase MIDIs and GCTs: 
[0 0 4 7] - [38, 45, 54, 81]
[0 0 4 7] - [38, 45, 54, 78]
[0 0 4 7] - [38, 45, 54, 69]
[5 0 4 7] - [62, 67, 71, 74]
[4 0 3 7 8] - [62, 69, 73, 78]
[9 0 3 7] - [62, 71, 74, 78]
[7 0 4 7] - [69, 73, 76]
[5 0 4 7] - [62, 67, 71, 74]
[ 7  0  4  7 17] - [62, 69, 73, 76]
[ 9  0  5 15] - [62, 71, 74, 76]
[7 0 4 7] - [69, 73, 76]
cadence: 
[9 0 5 15]-[7 0 4 7]

phrase starting offset: 20.0
phrase ending offset: 38.0
phrase type: grouping
phrase level: 1
phrase tonality: 2 - [ 0  2  4  5  7  9 11]
phrase MIDIs and GCTs: 
[5 0 4 7] - [62, 67, 71, 74]
[ 0  0  4  7 11] - [61, 62, 69, 78]
[ 5  0  4  7 11] - [59, 62, 67, 78]
[7 0 4 7] - [57, 73, 76]
[5 0 4 7] - [55, 62, 71, 74]
[ 9  0  3  7 10] - [54, 59, 69, 74]
[ 2  0  3  7 10] - [52, 59, 67, 74]
[ 0  0  5 16] - [50, 55, 66, 74]
[ 5  0  4  7 11] - [50, 55, 66, 71]
[ 7  0  4  7 10] - [49, 55, 64, 69]
[ 9  0  5 10 15] - [47, 52, 62, 69]
[7 0 4 7] - [45, 52, 61, 69]
[5 0 4 6] - [43, 49, 59]
[2 0 3 7 9] - [43, 49, 59, 76]
cadence: 
[5 0 4 6]-[2 0 3 7 9]

phrase starting offset: 38.0
phrase ending offset: 51.0
phrase type: grouping
phrase level: 2
phrase tonality: 2 - [ 0  2  4  5  7  9 11]
phrase MIDIs and GCTs: 
[0 0 4 7] - [42, 50, 57, 74]
[4 0 4 8] - [42, 50, 58, 78]
[9 0 4 7] - [47, 54, 59, 63, 66, 71, 78]
[ 9  0  3  7  9 17] - [40, 47, 52, 56, 62, 68, 78]
[ 2  0  4  7 10] - [40, 47, 52, 56, 62, 68, 76]
[0 0 4 7] - [45, 54, 57, 62, 69, 74]
[ 2  0  3  7  9 17] - [45, 52, 57, 61, 67, 71]
[ 2  0  3  7  9 17] - [45, 52, 57, 61, 67, 71]
cadence: 
[2 0 3 7 9 17]-[2 0 3 7 9 17]

phrase type: grouping
phrase level: 4
phrase tonality: 2 - [ 0  2  4  5  7  9 11]
phrase MIDIs and GCTs: 
[ 0  0  4  7 10 14] - [38, 45, 50, 54, 60, 64, 81]
[ 0  0  4  7 10 14] - [38, 45, 50, 54, 60, 64, 78]
[ 0  0  4  7 10 14] - [38, 45, 50, 54, 60, 64, 69]
[ 0  0  4  7 10 14] - [38, 45, 50, 54, 60, 64]
[5 0 4 7] - [50, 59, 67, 74]
[0 0 4 7] - [50, 57, 66, 74]
cadence: 
[5 0 4 7]-[0 0 4 7]

NEW PIECE ========================= 
Piece name: gg7.xml

tonality offsets: [0]
grouping offsets: [0, 8.0, 16.0, 26.0]
phrase starting offset: 0
phrase ending offset: 8.0
phrase type: tonality
phrase level: 1
phrase tonality: 5 - [ 0  2  5  5  7 10  0]
phrase MIDIs and GCTs: 
[2 0 3 7] - [55, 58, 62, 67]
[9 0 4 7] - [57, 62, 66]
[2 0 3 7] - [55, 58, 62, 67]
[10  0  4  7  9] - [55, 60, 63, 70]
[2 0 3 7] - [55, 58, 62, 67]
[9 0 4 7] - [57, 62, 66]
[ 5  0  3 11] - [58, 61, 69]
[2 0 3 7] - [55, 58, 62, 67]
cadence: 
[5 0 3 11]-[2 0 3 7]

phrase starting offset: 8.0
phrase ending offset: 16.0
phrase type: grouping
phrase level: 3
phrase tonality: 5 - [ 0  2  5  5  7 10  0]
phrase MIDIs and GCTs: 
[2 0 3 7] - [31, 43, 58, 62, 67]
[9 0 4 7] - [57, 62, 66]
[2 0 3 7] - [31, 43, 58, 62, 67]
[10  0  4  7  9] - [31, 43, 60, 63, 70]
[2 0 3 7] - [31, 43, 58, 62, 67]
[9 0 4 7] - [57, 62, 66]
[ 5  0  3 11] - [58, 61, 69]
[2 0 3 7] - [31, 43, 58, 62, 67]
cadence: 
[5 0 3 11]-[2 0 3 7]

phrase starting offset: 16.0
phrase ending offset: 26.0
phrase type: grouping
phrase level: 2
phrase tonality: 5 - [ 0  2  5  5  7 10  0]
phrase MIDIs and GCTs: 
[9 0 3 7] - [53, 57, 62, 74]
[2 0 3 7 9] - [52, 55, 62, 70]
[10  0  4 10] - [51, 55, 61, 67]
[ 1  0  4  8 14] - [46, 56, 62, 66]
[10  0  4 10] - [51, 55, 61, 67]
[4 0 3 9] - [45, 60, 66, 72]
[2 0 3 7] - [46, 62, 67, 70]
[9 0 4 7] - [50, 57, 62, 66]
[ 2  0  3  6 14] - [55, 58, 61, 69]
[2 0 3 7] - [55, 58, 62, 67]
cadence: 
[2 0 3 6 14]-[2 0 3 7]

phrase type: grouping
phrase level: 4
phrase tonality: 5 - [ 0  2  5  5  7 10  0]
phrase MIDIs and GCTs: 
[9 0 3 7] - [41, 53, 62, 69, 74]
[2 0 3 7 9] - [40, 52, 62, 67, 70]
[10  0  4 10] - [39, 51, 55, 61, 67]
[ 1  0  4  8 14] - [34, 46, 56, 62, 66]
[10  0  4 10] - [39, 51, 55, 61, 67]
[ 3  0  4 10] - [32, 44, 60, 66, 72]
[2 0 3 7] - [34, 46, 62, 67, 70]
[9 0 4 7] - [38, 50, 57, 62, 66, 69]
[2 0 3 7] - [31, 43, 58, 62, 67]
[8 0 4 6] - [31, 43, 61, 65, 67]
[7 0 4 7] - [31, 43, 60, 64, 67]
[2 0 4 8] - [31, 43, 59, 63, 67]
[2 0 3 7] - [31, 43, 58, 62, 67]
cadence: 
[2 0 4 8]-[2 0 3 7]

NEW PIECE ========================= 
Piece name: gg3.xml

tonality offsets: [0]
grouping offsets: [0, 21.0, 33.0, 45.0]
phrase starting offset: 0
phrase ending offset: 21.0
phrase type: tonality
phrase level: 1
phrase tonality: 5 - [ 0  2  5  5  7 10  0]
phrase MIDIs and GCTs: 
[2 0 3 7] - [55, 62, 67, 70]
[7 0 3 7 9] - [55, 60, 63, 67, 69, 72]
[ 9  0  5 15] - [55, 65, 67, 74]
[7 0 3 7 9] - [55, 60, 63, 67, 69, 72]
[2 0 3 7] - [55, 58, 62, 67, 70, 74]
[7 0 3 6 9] - [57, 60, 63, 66, 69]
[7 0 3 6 9] - [57, 60, 63, 66, 69]
[2 0 3 7] - [55, 58, 62, 67]
[ 2  0  3  7 10] - [53, 58, 62, 67]
cadence: 
[2 0 3 7]-[2 0 3 7 10]

phrase starting offset: 21.0
phrase ending offset: 33.0
phrase type: grouping
phrase level: 1
phrase tonality: 5 - [ 0  2  5  5  7 10  0]
phrase MIDIs and GCTs: 
[10  0  4  7] - [51, 55, 58, 63, 67, 70]
[ 0  0  4  7 10] - [51, 57, 60, 65, 69, 72]
[10  0  4  7 11] - [51, 58, 67, 74]
[7 0 3 7 9] - [51, 57, 60, 67, 69, 72]
[2 0 3 7] - [46, 62, 67, 70]
[ 7  0  4  7 10] - [48, 64, 67, 70]
[9 0 5 7] - [50, 57, 67, 69]
[9 0 4 7] - [50, 57, 62, 66]
[2 0 3 7] - [55, 58, 62, 67]
[ 2  0  3  7 11] - [54, 58, 62, 67]
[ 0  0  4  8 10] - [53, 57, 63, 73]
cadence: 
[2 0 3 7 11]-[0 0 4 8 10]

phrase starting offset: 33.0
phrase ending offset: 45.0
phrase type: grouping
phrase level: 1
phrase tonality: 5 - [ 0  2  5  5  7 10  0]
phrase MIDIs and GCTs: 
[5 0 4 7] - [46, 53, 62, 74]
[10  0  4  7 11] - [46, 55, 63, 70, 74]
[2 0 3 7 9] - [46, 52, 55, 62, 64, 67]
[ 1  0  4  8 15] - [46, 54, 57, 62, 66]
[10  0  4  7] - [51, 58, 67]
[ 2  0  3  7 10] - [50, 55, 65, 70]
[ 0  0  4  7 10] - [48, 53, 57, 63, 69, 72]
[5 0 4 7] - [46, 53, 62, 74]
[0 0 3 7 9] - [44, 53, 60, 74]
cadence: 
[5 0 4 7]-[0 0 3 7 9]

phrase type: grouping
phrase level: 4
phrase tonality: 5 - [ 0  2  5  5  7 10  0]
phrase MIDIs and GCTs: 
[ 2  0  4  7 10] - [43, 53, 59, 67, 74]
[ 3  0  4 10] - [44, 54, 60, 66, 72]
[ 2  0  3  6 14] - [45, 55, 61, 67, 70]
[ 1  0  4  8 14] - [46, 56, 62, 66]
[ 2  0  4  8 14] - [47, 57, 63, 67]
[ 7  0  4 10] - [48, 58, 64, 70]
[ 0  0  4  8 18] - [49, 59, 65, 69]
[ 2  0  4  6 10] - [49, 59, 65, 67]
[ 7  0  4  7 10] - [48, 58, 64, 67]
[ 2  0  4  8 14] - [47, 57, 63, 67]
[ 2  0  3  7 13] - [46, 56, 62, 67]
[ 4  0  4 10] - [45, 55, 61, 67]
[ 3  0  4  7 10] - [44, 51, 60, 66]
[2 0 4 7] - [43, 50, 59, 67]
[2 0 4 7] - [43, 50, 59, 67]
cadence: 
[2 0 4 7]-[2 0 4 7]

NEW PIECE ========================= 
Piece name: gg2.xml

tonality offsets: [0]
grouping offsets: [0, 15.0, 27.0, 42.0]
phrase starting offset: 0
phrase ending offset: 15.0
phrase type: tonality
phrase level: 1
phrase tonality: 2 - [ 0  2  3  5  7  8 10]
phrase MIDIs and GCTs: 
[0 0 3 7] - [50, 53, 57, 62]
[ 0  0  3  7 10] - [48, 53, 57, 62]
[8 0 4 7] - [46, 50, 62, 65]
[5 0 3 7] - [46, 50, 62, 67]
[ 2  0  5 10] - [45, 52, 62, 69]
[7 0 3 7] - [45, 52, 57, 60]
cadence: 
[2 0 5 10]-[7 0 3 7]

phrase starting offset: 15.0
phrase ending offset: 27.0
phrase type: grouping
phrase level: 2
phrase tonality: 2 - [ 0  2  3  5  7  8 10]
phrase MIDIs and GCTs: 
[5 0 3 7] - [43, 50, 58, 62]
[ 8  0  4  7 11] - [41, 46, 57, 62]
[ 0  0  3  7 10] - [41, 48, 57, 62]
[ 8  0  4  7 10 18] - [40, 50, 56, 58, 65]
[0 0 4 7] - [38, 45, 62, 66, 69]
[7 0 4 7] - [57, 61, 64, 69]
cadence: 
[0 0 4 7]-[7 0 4 7]

phrase starting offset: 27.0
phrase ending offset: 42.0
phrase type: grouping
phrase level: 1
phrase tonality: 2 - [ 0  2  3  5  7  8 10]
phrase MIDIs and GCTs: 
[10  0  3  7  9] - [55, 60, 63, 69]
[7 0 3 6 9] - [54, 60, 63, 69]
[0 0 3 6 9] - [53, 59, 62, 68]
[0 0 3 6 9] - [50, 56, 59, 65]
[2 0 3 6 9] - [49, 55, 58, 64]
[0 0 3 7 9] - [47, 50, 57, 65]
[11  0  3  7  9] - [46, 49, 56, 64]
[7 0 4 7] - [45, 49, 52, 57]
[5 0 3 7] - [43, 50, 58, 62]
[8 0 4 7] - [41, 50, 58, 62]
[ 7  0  4  7 10 13] - [40, 46, 55, 57, 61]
[ 1  0  4  7 10 18] - [39, 46, 55, 57, 61]
cadence: 
[7 0 4 7 10 13]-[1 0 4 7 10 18]

phrase type: grouping
phrase level: 4
phrase tonality: 2 - [ 0  2  3  5  7  8 10]
phrase MIDIs and GCTs: 
[5 0 3 7] - [38, 46, 55, 62]
[ 0  0  4  7 10] - [38, 45, 54, 60, 62]
[ 0  0  4  6 10] - [38, 44, 54, 60, 62]
[9 0 3 7 9] - [38, 44, 54, 59, 62]
[5 0 3 7] - [38, 43, 50, 58, 62]
[5 0 3 7 9] - [38, 43, 52, 58, 62]
[0 0 4 7] - [38, 45, 54, 57, 62]
cadence: 
[5 0 3 7 9]-[0 0 4 7]

NEW PIECE ========================= 
Piece name: gg5.xml

tonality offsets: [0]
grouping offsets: [0, 12.0, 30.0]
phrase starting offset: 0
phrase ending offset: 12.0
phrase type: tonality
phrase level: 1
phrase tonality: 2 - [ 0  2  3  5  7  8 10]
phrase MIDIs and GCTs: 
[ 8  0  4 11] - [62, 70, 74, 81]
[5 0 3 7] - [62, 70, 74, 79]
[ 7  0  5 15] - [62, 69, 72, 74]
[5 0 3 7] - [62, 67, 70, 74]
[0 0 3 7] - [62, 65, 69, 74]
[ 7  0  4  7 17] - [62, 64, 73, 81]
[ 2  0  3  9 10] - [62, 64, 73, 79]
[8 0 4] - [62, 70, 74]
[ 8  0  4 14] - [62, 70, 72, 74]
[9 0 3 9] - [62, 68, 71, 74]
[5 0 3 7] - [62, 67, 70, 74]
[0 0 3 7] - [62, 65, 69, 74]
cadence: 
[5 0 3 7]-[0 0 3 7]

phrase starting offset: 12.0
phrase ending offset: 30.0
phrase type: grouping
phrase level: 2
phrase tonality: 2 - [ 0  2  3  5  7  8 10]
phrase MIDIs and GCTs: 
[ 0  0  3  7 10 17] - [60, 65, 69, 74, 79]
[0 0 3 7 9] - [59, 65, 69, 74]
[ 0  0  3  7 10 17] - [60, 65, 69, 74, 79]
[0 0 3 7 9] - [59, 65, 69, 74]
[ 0  0  3  7 10 17] - [60, 65, 69, 74, 79]
[0 0 3 7 9] - [59, 65, 69, 74]
[ 0  0  3  7 10 14] - [57, 62, 65, 72, 76]
[ 5  0  4  7 10] - [55, 62, 65, 71, 74]
[ 5  0  4  7 10] - [55, 62, 65, 71, 74]
[ 5  0  3  7 10] - [55, 62, 65, 70]
[ 0  0  3  7  9 14] - [53, 59, 62, 69, 76]
[ 2  0  4  7 10] - [52, 59, 62, 68, 74]
[ 2  0  4  7 10] - [52, 59, 62, 68, 74]
[ 2  0  3  7 10] - [52, 59, 62, 67]
[5 0 3 7 9] - [46, 52, 58, 62, 67, 76]
[0 0 4 7] - [45, 54, 57, 62, 66, 74]
[0 0 4 7] - [45, 54, 57, 62, 66, 74]
[0 0 3 7] - [45, 53, 57, 62, 65]
cadence: 
[0 0 4 7]-[0 0 3 7]

phrase type: grouping
phrase level: 4
phrase tonality: 2 - [ 0  2  3  5  7  8 10]
phrase MIDIs and GCTs: 
[ 7  0  4  7 10 17] - [38, 45, 52, 55, 61, 69]
[ 7  0  4  7 10 17] - [38, 45, 52, 55, 61, 67]
[8 0 4 7] - [38, 46, 53, 58, 62]
[ 7  0  4  7 10 17] - [38, 45, 52, 55, 61, 64]
[ 7  0  4  7 10 17] - [38, 45, 52, 55, 61, 62]
[8 0 4 7] - [38, 46, 53, 58, 62]
[ 0  0  3  7  9 17] - [38, 43, 53, 59, 62, 69]
[ 5  0  4  7 10] - [38, 43, 53, 59, 62, 67]
[ 5  0  4  7 10] - [38, 43, 53, 59, 62]
[ 8  0  4  7 10] - [38, 44, 53, 58, 62]
[ 8  0  4  7 10] - [38, 44, 53, 58, 62]
[0 0 3 7] - [38, 45, 53, 57, 62]
[0 0 3 7] - [38, 45, 53, 57, 62]
cadence: 
[0 0 3 7]-[0 0 3 7]

