================== Logging initialisation ================== 
Initialising file: /home/maximos/repos/chameleon_noblend/training_logs/Hindemith.txt
NEW IDIOM ============================================ 
Idiom name: Hindemith

NEW PIECE ========================= 
Piece name: hm3.xml

tonality offsets: [0, 24.0, 40.5]
grouping offsets: [0, 12.0, 24.0, 33.0, 40.5]
phrase starting offset: 0
phrase ending offset: 12.0
phrase type: tonality
phrase level: 1
phrase tonality: 7 - [ 0  2  4  6  7  9 11]
phrase MIDIs and GCTs: 
[0 0 4] - [55, 59, 67, 71]
[11  0  5 10 15] - [54, 59, 64, 69]
[ 9  0  3  7 10] - [52, 59, 62, 67]
[ 4  0  5 15] - [50, 59, 64]
[ 9  0  3  7 10] - [50, 59, 64, 67]
[11  0  3  7] - [49, 57, 66, 69]
[1 0 5] - [49, 56, 68, 73]
[11  0  5 10 15] - [47, 54, 69, 76]
[ 4  0  3  9 14] - [50, 59, 68, 73]
[5 0 4 7 9] - [52, 57, 67, 72]
[5 0 4 7] - [55, 64, 72]
[11  0  5] - [59, 66, 71]
cadence: 
[5 0 4 7]-[11 0 5]

phrase starting offset: 12.0
phrase ending offset: 24.0
phrase type: grouping
phrase level: 2
phrase tonality: 7 - [ 0  2  4  6  7  9 11]
phrase MIDIs and GCTs: 
[4 0] - [59, 71]
[0 0 4] - [55, 59, 67]
[11  0  5] - [54, 59, 66]
[ 4  0  5 10 15] - [52, 59, 62, 69]
[11  0  3  7  8] - [50, 57, 61, 66, 69]
[ 5  0  4  7 14] - [48, 55, 64, 74]
[ 0  0  4  7 17] - [48, 55, 71, 74]
[ 7  0  5  7 10] - [48, 57, 67, 74]
[4 0 3 7] - [50, 59, 66, 74]
[ 4  0  5 13 15] - [52, 60, 62, 71]
[0 0 4 7] - [55, 59, 62, 67]
cadence: 
[4 0 5 13 15]-[0 0 4 7]

phrase starting offset: 24.0
phrase ending offset: 33.0
phrase type: tonality
phrase level: 1
phrase tonality: 0 - [ 0  2  4  6  7  9 11]
phrase MIDIs and GCTs: 
[0 0 4] - [60, 64, 76]
[11  0  3  7 17] - [59, 62, 66, 76]
[0 0 4 7 9] - [57, 60, 67, 76]
[4 0 3 7] - [55, 64, 71]
[4 0 3 7 8] - [55, 59, 64, 72]
[ 2  0  3  7 10] - [53, 60, 62, 69]
[4 0 3 7] - [52, 59, 64, 67]
[5 0 4 7] - [57, 60, 65, 69]
[7 0 4 7] - [55, 62, 67, 71]
cadence: 
[5 0 4 7]-[7 0 4 7]

phrase starting offset: 33.0
phrase ending offset: 40.5
phrase type: grouping
phrase level: 2
phrase tonality: 0 - [ 0  2  4  6  7  9 11]
phrase MIDIs and GCTs: 
[5 0 4 7] - [53, 65, 69, 72]
[ 0  0  4  7 14] - [52, 62, 67, 72]
[ 2  0  4 10] - [50, 60, 66, 74]
[2 0 4 7] - [50, 57, 66, 74]
[0 0 4 7] - [48, 55, 64, 76]
cadence: 
[2 0 4 7]-[0 0 4 7]

phrase type: grouping
phrase level: 4
phrase tonality: 7 - [ 0  2  4  6  7  9 11]
phrase MIDIs and GCTs: 
[4 0] - [59, 71]
[0 0 4] - [55, 59, 67]
[11  0  5] - [54, 59, 66]
[ 4  0  5 10 15] - [52, 59, 62, 69]
[11  0  3  7  8] - [50, 57, 61, 66, 69]
[ 5  0  4  7 14] - [48, 55, 64, 74]
[ 0  0  4  7 17] - [48, 55, 71, 74]
[ 7  0  5  7 10] - [48, 57, 67, 74]
[4 0 3 7] - [50, 59, 66, 74]
[ 4  0  5 13 15] - [52, 60, 62, 71]
[0 0 4 7] - [55, 59, 62, 67]
cadence: 
[4 0 5 13 15]-[0 0 4 7]

NEW PIECE ========================= 
Piece name: hm5.xml

tonality offsets: [0, 13.0, 29.0, 41.0]
grouping offsets: [0, 13.0, 29.0, 41.0]
phrase starting offset: 0
phrase ending offset: 13.0
phrase type: tonality
phrase level: 1
phrase tonality: 10 - [ 0  2  3  5  7  8 10]
phrase MIDIs and GCTs: 
[9 0] - [55, 67]
[2 0] - [60, 72]
[0 0] - [58, 70]
[9 0 5] - [55, 60]
[ 5  0  4  7 14] - [53, 55, 58, 63]
[ 7  0  3  7 10] - [51, 56, 60, 65]
[8 0 4 7] - [49, 58, 61, 66]
[ 8  0  4  7 11] - [54, 58, 61, 65]
[2 0 3 7] - [51, 60, 63, 67]
[3 0 4 7] - [49, 61, 65, 68]
[ 2  0  5 15] - [51, 60, 63, 65]
[0 0 4] - [46, 58, 62, 70]
cadence: 
[2 0 5 15]-[0 0 4]

phrase starting offset: 13.0
phrase ending offset: 29.0
phrase type: tonality
phrase level: 1
phrase tonality: 3 - [ 0  2  3  5  7  8 10]
phrase MIDIs and GCTs: 
[7 0] - [70]
[ 8  0  4  7 11] - [54, 59, 70, 75]
[ 8  0  4  5 11] - [59, 64, 70, 75]
[ 7  0  3  7 10] - [53, 58, 68, 73]
[0 0 3 7] - [58, 63, 66]
[8 0 4 7 9] - [51, 56, 66, 71]
[8 0 3 7 9] - [56, 62, 66, 71]
[ 3  0  4  8 11 14] - [56, 62, 65, 70, 78]
[ 0  0  3 10] - [54, 63, 73]
[ 0  0  5 10] - [44, 56, 63, 73]
[3 0 4] - [46, 54, 66]
[ 8  0  4 11] - [47, 59, 63, 70]
[ 7  0  3  7 10] - [49, 56, 65, 70]
[0 0 4 7] - [51, 55, 58, 70]
[4 0] - [55, 67]
[9 0] - [60, 72]
cadence: 
[4 0]-[9 0]

phrase starting offset: 29.0
phrase ending offset: 41.0
phrase type: tonality
phrase level: 1
phrase tonality: 10 - [ 0  2  3  5  7  8 10]
phrase MIDIs and GCTs: 
[0 0] - [58, 70]
[9 0 5] - [55, 60]
[ 2  0  3  7 17] - [53, 55, 60, 63]
[ 0  0  3  7 17] - [51, 58, 61, 65]
[4 0 4 7] - [50, 57, 62, 66]
[7 0] - [53, 65]
[ 5  0  4 14] - [53, 55, 63, 65]
[ 7  0  3  7 14] - [53, 56, 60, 67]
[3 0 4 7] - [53, 61, 65, 68]
[ 2  0  5 15] - [53, 60, 63, 65]
[0 0 4 7] - [53, 58, 62, 70]
cadence: 
[2 0 5 15]-[0 0 4 7]

phrase type: grouping
phrase level: 4
phrase tonality: 3 - [ 0  2  3  5  7  8 10]
phrase MIDIs and GCTs: 
[7 0] - [70]
[ 0  0  3  7 13] - [42, 58, 63, 76]
[1 0 4 7] - [44, 59, 64, 68]
[ 0  0  3  7 10] - [42, 58, 63, 73]
[3 0 4 7] - [46, 66, 73]
[1 0 4 7] - [44, 64, 71]
[5 0 3 7] - [47, 63, 68, 71]
[ 5  0  3  7 14] - [47, 63, 68, 70]
[3 0 4 7] - [46, 61, 66, 78]
[1 0 4 7 9] - [44, 59, 64, 73]
[ 8  0  4  7 11] - [42, 54, 59, 63, 70]
[ 7  0  3  7 10] - [41, 53, 56, 61, 70]
[0 0 4 7] - [39, 51, 55, 63, 70]
cadence: 
[7 0 3 7 10]-[0 0 4 7]

NEW PIECE ========================= 
Piece name: hm4.xml

tonality offsets: [0]
grouping offsets: [0, 13.5, 39.0, 52.5, 78.0, 93.0]
phrase starting offset: 0
phrase ending offset: 13.5
phrase type: tonality
phrase level: 1
phrase tonality: 8 - [ 0  2  4  5  7  9 11]
phrase MIDIs and GCTs: 
[7 0 5] - [44, 56, 68, 75]
[ 9  0  3 14] - [44, 55, 67, 77]
[11  0  5 13] - [44, 55, 67, 72]
[ 9  0  3 10] - [44, 53, 65, 75]
[0 0 4 7] - [44, 48, 60, 75]
[5 0] - [49, 61, 73]
[2 0 5] - [51, 63, 70]
[1 0 4 7] - [45, 52, 64, 73]
[0 0 5] - [44, 56, 68, 73]
[11  0  3  5 10] - [48, 55, 65, 70]
[7 0 4 7 9] - [46, 60, 63, 67]
[9 0 3 7] - [53, 56, 60, 65]
cadence: 
[7 0 4 7 9]-[9 0 3 7]

phrase starting offset: 13.5
phrase ending offset: 39.0
phrase type: grouping
phrase level: 2
phrase tonality: 8 - [ 0  2  4  5  7  9 11]
phrase MIDIs and GCTs: 
[0 0 4 7] - [56, 60, 63]
[10  0  4  7 14] - [54, 58, 61, 68]
[ 9  0  5  7 10] - [53, 60, 63, 70]
[ 7  0  3  7 10] - [51, 58, 66, 73]
[ 5  0  3  7 14] - [49, 56, 64, 75]
[3 0 4 7] - [47, 54, 63, 78]
[ 0  0  3  7 10] - [51, 59, 68, 78]
[ 7  0  3 10] - [54, 63, 73, 78]
[8 0 4 7] - [56, 71, 76]
[ 2  0  5 10] - [56, 70, 75]
[ 0  0  5 10] - [56, 66, 68, 73]
[5 0 3 7] - [56, 64, 68, 73]
[1 0 4 7] - [61, 69, 76]
[ 7  0  5 10] - [56, 61, 68, 75]
[ 8  0  4  7 14] - [56, 64, 66, 71]
[ 0  0  3  7 10] - [56, 63, 66, 71]
[0 0 3 7] - [56, 59, 68, 75]
[ 0  0  5 15] - [56, 59, 68, 73]
[ 7  0  3  7 17] - [56, 63, 66, 70]
[10  0  4  7 14] - [56, 61, 66, 70]
[ 9  0  5 15] - [56, 58, 65]
[0 0 4 7] - [56, 60, 63, 68]
[0 0 4 7] - [56, 60, 63, 68]
cadence: 
[0 0 4 7]-[0 0 4 7]

phrase starting offset: 39.0
phrase ending offset: 52.5
phrase type: grouping
phrase level: 1
phrase tonality: 8 - [ 0  2  4  5  7  9 11]
phrase MIDIs and GCTs: 
[7 0 5] - [44, 56, 68, 75]
[11  0 10] - [55, 67, 77]
[11  0  5] - [55, 67, 72]
[ 9  0  3 10] - [44, 53, 65, 75]
[0 0 4 7] - [44, 48, 60, 75]
[0 0 5] - [44, 49, 61, 68]
[ 2  0  5 10] - [44, 51, 63, 70]
[1 0 4 7] - [45, 52, 64, 73]
[ 0  0  5 13] - [45, 56, 68, 73]
[11  0  3  5 10] - [48, 55, 65, 70]
[ 9  0  3  7 14] - [48, 55, 65, 68]
[7 0 4 7 9] - [46, 60, 63, 67]
[9 0 4 7] - [53, 57, 60, 65]
cadence: 
[7 0 4 7 9]-[9 0 4 7]

phrase starting offset: 52.5
phrase ending offset: 78.0
phrase type: grouping
phrase level: 2
phrase tonality: 8 - [ 0  2  4  5  7  9 11]
phrase MIDIs and GCTs: 
[ 0  0  4  7 13] - [56, 57, 60, 63]
[10  0  4  7 14] - [54, 58, 61, 68]
[ 9  0  5  7 10] - [53, 60, 63, 70]
[ 7  0  3  7 10] - [51, 58, 66, 73]
[ 5  0  3  7 14] - [49, 56, 64, 75]
[3 0 4 7] - [47, 54, 63, 78]
[ 0  0  3  7 10] - [51, 59, 68, 78]
[ 7  0  3 10] - [54, 63, 73, 78]
[8 0 4 7] - [56, 71, 76]
[ 2  0  5 10] - [56, 63, 70, 75]
[ 0  0  5 10] - [56, 66, 68, 73]
[5 0 3 7] - [56, 64, 68, 73]
[5 0 3 7 8] - [56, 61, 69, 76]
[ 7  0  5 10] - [56, 61, 68, 75]
[10  0  5 10 15] - [57, 64, 66, 71]
[ 3  0  4  7 10] - [57, 63, 66, 71]
[ 0  0  3  7 13] - [57, 59, 68, 75]
[ 7  0  3  7 17] - [56, 63, 66, 70]
[ 9  0  5 15] - [56, 58, 65]
[0 0 4 7] - [56, 60, 63, 68]
cadence: 
[9 0 5 15]-[0 0 4 7]

phrase starting offset: 78.0
phrase ending offset: 93.0
phrase type: grouping
phrase level: 1
phrase tonality: 8 - [ 0  2  4  5  7  9 11]
phrase MIDIs and GCTs: 
[0 0 3 7] - [56, 59, 63, 68]
[10  0  4  7 14] - [54, 58, 61, 68]
[8 0 4 7] - [52, 56, 59, 68]
[10  0  4  7 14] - [54, 58, 61, 68]
[10  0  4  7 14] - [54, 58, 61, 68]
[6 0 3 7] - [53, 57, 62, 69]
[10  0  4  7 14] - [54, 58, 61, 68]
[ 6  0  3  7 18] - [53, 57, 62, 68]
[0 0] - [56, 68]
[3 0] - [59, 71]
[1 0] - [57, 69]
[8 0] - [52, 64]
cadence: 
[1 0]-[8 0]

phrase type: grouping
phrase level: 4
phrase tonality: 8 - [ 0  2  4  5  7  9 11]
phrase MIDIs and GCTs: 
[7 0] - [51, 63]
[ 0  0  3  7 17] - [49, 59, 63, 68]
[ 2  0  5 14] - [48, 58, 63, 70]
[ 9  0  5 10 15] - [46, 56, 65, 75]
[ 7  0  5 10 15] - [44, 51, 66, 73]
[6 0 4 7] - [42, 57, 62, 78]
[3 0 3 7] - [47, 62, 66, 78]
[ 5  0  5 13] - [50, 66, 73, 78]
[10  0  5 10] - [54, 71, 76]
[7 0 3 7] - [54, 70, 75]
[ 0  0  5 10] - [54, 66, 68, 73]
[10  0  3  7 10] - [54, 61, 69, 76]
[10  0  5 10] - [54, 64, 66, 71]
[0 0 3 7 8] - [52, 59, 68, 75]
[ 9  0  5  7 10] - [51, 60, 65, 70]
[ 0  0  4  7 14] - [51, 56, 60, 70]
[2 0 3 7] - [49, 58, 61, 65]
[0 0 4] - [56, 60, 68]
cadence: 
[2 0 3 7]-[0 0 4]

NEW PIECE ========================= 
Piece name: hm6.xml

tonality offsets: [0]
grouping offsets: [0, 32.5, 40.5, 48.5, 59.5, 73.5]
phrase starting offset: 0
phrase ending offset: 32.5
phrase type: tonality
phrase level: 1
phrase tonality: 7 - [ 0  2  4  5  7  9 10]
phrase MIDIs and GCTs: 
[0 0 4 7] - [55, 59, 62, 74]
[0 0 4 7] - [55, 59, 62, 74]
[2 0] - [69]
[ 7  0  3  7 10] - [53, 57, 62, 72]
[ 7  0  3  7 10] - [53, 57, 62, 72]
[0 0 3] - [58, 67]
[0 0 3 7 8] - [51, 55, 62, 70]
[0 0 3 7 8] - [51, 55, 62, 70]
[ 3  0  4  7 17] - [51, 58, 62, 65]
[0 0] - [67]
[ 9  0  3 10] - [50, 55, 62, 64]
[7 0 5] - [50, 55, 62, 67]
[ 2  0  5 15] - [50, 60, 62, 69]
[0 0 4 7] - [55, 59, 62, 74]
[ 9  0  3  7 10] - [55, 59, 64, 74]
[5 0 4 7] - [55, 60, 67, 76]
[5 0 4 7] - [55, 60, 64, 76]
[7 0 5] - [55, 62, 67, 74]
[9 0 3 7] - [55, 59, 64, 67]
[ 0  0  4  7 14] - [55, 59, 62, 69]
[3 0 4 7] - [53, 58, 62, 74]
[5 0 5] - [53, 60, 65, 72]
[7 0 3 7] - [53, 57, 62, 65]
[ 5  0  5 10 15] - [53, 58, 60, 63]
[1 0 4 7] - [51, 56, 60, 68]
[1 0 4 5] - [49, 56, 60, 68]
[ 1  0  4  7 14] - [56, 60, 63, 70]
[8 0] - [75]
[5 0] - [72]
[0 0 4 7] - [55, 62, 71]
[5 0 4 7 9] - [55, 57, 60, 64, 69]
[0 0 4 7] - [55, 59, 62, 67]
cadence: 
[5 0 4 7 9]-[0 0 4 7]

phrase starting offset: 32.5
phrase ending offset: 40.5
phrase type: grouping
phrase level: 1
phrase tonality: 7 - [ 0  2  4  5  7  9 10]
phrase MIDIs and GCTs: 
[11  0  5] - [47, 66, 71]
[ 4  0  5 10] - [47, 64, 69]
[0 0 4 7] - [47, 62, 67]
[11  0  5] - [47, 59, 66, 71]
[ 0  0  4 11] - [47, 55, 66, 71]
[ 4  0  5 14] - [47, 59, 64, 73]
[ 2  0  4 14] - [47, 59, 69, 73]
[1 0 3 5] - [47, 59, 68, 73]
[11  0  3  7 17] - [47, 61, 66, 69]
[4 0 3 7] - [47, 59, 66, 74]
cadence: 
[11 0 3 7 17]-[4 0 3 7]

phrase starting offset: 40.5
phrase ending offset: 48.5
phrase type: grouping
phrase level: 2
phrase tonality: 7 - [ 0  2  4  5  7  9 10]
phrase MIDIs and GCTs: 
[11  0  5 15] - [47, 57, 66, 71]
[0 0 4 7] - [47, 62, 67]
[11  0  5] - [47, 59, 66, 71]
[9 0 3 7] - [47, 55, 64, 71]
[ 4  0  5 14] - [47, 59, 64, 73]
[ 2  0  4 14] - [47, 59, 69, 73]
[1 0 3 5] - [47, 59, 68, 73]
[11  0  3  7 17] - [47, 61, 66, 69]
[4 0 3 7] - [47, 59, 66, 74]
cadence: 
[11 0 3 7 17]-[4 0 3 7]

phrase starting offset: 48.5
phrase ending offset: 59.5
phrase type: grouping
phrase level: 1
phrase tonality: 7 - [ 0  2  4  5  7  9 10]
phrase MIDIs and GCTs: 
[2 0 3 7] - [45, 60, 64, 76]
[ 9  0  3  7 10] - [52, 59, 67, 74]
[ 7  0  3  7 10] - [50, 57, 65, 72]
[2 0 3 7] - [45, 60, 64, 76]
[2 0 3 7] - [57, 60, 64, 69]
[7 0 3 7] - [50, 62, 69, 77]
[ 5  0  4  7 14] - [50, 60, 67, 76]
[2 0 3 7] - [45, 60, 64, 76]
[2 0 3 7] - [45, 60, 64]
[5 0 4] - [48, 60, 64]
cadence: 
[2 0 3 7]-[5 0 4]

phrase starting offset: 59.5
phrase ending offset: 73.5
phrase type: grouping
phrase level: 2
phrase tonality: 7 - [ 0  2  4  5  7  9 10]
phrase MIDIs and GCTs: 
[ 7  0  4  7 14] - [54, 62, 69, 76]
[0 0 4 7] - [55, 59, 71, 74]
[ 7  0  5 10] - [55, 62, 67, 72]
[0 0 5] - [55, 60, 67, 79]
[ 0  0 10] - [55, 67, 77]
[9 0 3 7] - [55, 59, 71, 76]
[7 0 5 7] - [55, 62, 69, 74]
[5 0 4 7] - [55, 64, 67, 72]
[4 0] - [71]
[2 0] - [69]
[7 0] - [74]
[9 0 3 7] - [55, 59, 64, 71]
[ 4  0  3  7 13] - [54, 59, 62, 72]
[2 0 3 7] - [52, 57, 60, 72]
[2 0 3 7] - [57, 60, 64, 76]
cadence: 
[2 0 3 7]-[2 0 3 7]

phrase type: grouping
phrase level: 4
phrase tonality: 7 - [ 0  2  4  5  7  9 10]
phrase MIDIs and GCTs: 
[0 0 4 7] - [55, 59, 67, 74]
[0 0 4 7] - [55, 59, 67, 74]
[0 0 4 7] - [55, 59, 62, 67]
[2 0] - [69]
[ 7  0  3  7 10] - [53, 57, 62, 72]
[ 7  0  3  7 10] - [53, 57, 62, 72]
[0 0] - [67]
[0 0 3 7 8] - [51, 55, 62, 70]
[0 0 3 7 8] - [51, 55, 62, 70]
[ 3  0  4  7 17] - [51, 58, 62, 65]
[0 0] - [67]
[ 9  0  3 10] - [50, 55, 62, 64]
[7 0 5] - [50, 55, 62, 67]
[ 2  0  5 15] - [50, 60, 62, 69]
[0 0 4 7] - [55, 59, 62, 74]
[ 9  0  3  7 10] - [55, 59, 64, 74]
[5 0 4 7] - [55, 60, 67, 76]
[ 5  0  4  7 14] - [55, 60, 64, 74]
[7 0 5] - [55, 62, 67, 74]
[9 0 3 7] - [55, 59, 64, 67]
[3 0 4 7] - [53, 58, 62, 74]
[5 0 5] - [53, 60, 65, 72]
[7 0 3 7] - [53, 57, 62, 65]
[ 5  0  5 10 15] - [53, 58, 60, 63]
[1 0 4 7] - [51, 56, 60, 68]
[1 0 4 5] - [49, 56, 60, 68]
[ 1  0  4  7 14] - [56, 60, 63, 70]
[8 0] - [75]
[5 0] - [72]
[0 0 4 7] - [55, 62, 71]
[5 0 4 7 9] - [55, 57, 60, 64, 69]
[0 0 4 7] - [55, 59, 62, 67]
cadence: 
[5 0 4 7 9]-[0 0 4 7]

NEW PIECE ========================= 
Piece name: hm2.xml

tonality offsets: [0]
grouping offsets: [0, 7.0, 21.0, 33.0, 41.0, 47.0, 52.0, 63.0, 74.0]
phrase starting offset: 0
phrase ending offset: 7.0
phrase type: tonality
phrase level: 1
phrase tonality: 4 - [ 0  2  3  5  7  8 10]
phrase MIDIs and GCTs: 
[ 7  0  5 10] - [59, 64, 69, 71]
[ 3  0  4  7 14] - [57, 62, 67, 71]
[ 2  0  5  7 14] - [56, 61, 66, 71]
[ 2  0  5 10] - [54, 59, 64, 71]
cadence: 
[2 0 5 7 14]-[2 0 5 10]

phrase starting offset: 7.0
phrase ending offset: 21.0
phrase type: grouping
phrase level: 1
phrase tonality: 4 - [ 0  2  3  5  7  8 10]
phrase MIDIs and GCTs: 
[ 7  0  5 10 15] - [52, 57, 62, 71]
[ 2  0  5 10] - [54, 59, 64, 71]
[ 2  0  5  7 14] - [54, 56, 61, 71]
[10  0  4  7 11] - [54, 57, 62, 73]
[ 7  0  3  7 17] - [54, 59, 64, 74]
[10  0  4  7] - [54, 62, 69, 74]
[ 2  0  5  7 10] - [52, 61, 66, 71]
[3 0 4] - [55, 59, 67]
[0 0 3 7] - [52, 59, 67, 71]
[ 7  0  3  7 10] - [50, 57, 66, 71]
[0 0 3 7 8] - [48, 55, 64, 71]
[ 3  0  4  7 11] - [43, 54, 62, 71]
[ 5  0  4  7 14] - [45, 52, 61, 71]
[ 7  0  4  7 10] - [45, 54, 63, 71]
cadence: 
[5 0 4 7 14]-[7 0 4 7 10]

phrase starting offset: 21.0
phrase ending offset: 33.0
phrase type: grouping
phrase level: 1
phrase tonality: 4 - [ 0  2  3  5  7  8 10]
phrase MIDIs and GCTs: 
[10  0] - [62]
[9 0] - [61]
[7 0] - [59]
[0 0 5] - [52, 57, 64]
[ 7  0  5 10] - [52, 59, 64, 69]
[ 0  0  5 13] - [52, 65, 69]
[0 0 5] - [52, 64, 69]
[ 8  0  4  7 14] - [52, 62, 67, 72]
[ 2  0  5  7 10] - [52, 61, 66, 71]
[ 7  0  5 10] - [52, 59, 64, 69]
[5 0 3 7] - [52, 60, 64, 69]
[ 0  0  3  7 17] - [52, 59, 67, 69]
[ 7  0  3  7 10] - [50, 57, 66, 71]
[8 0 4 7] - [48, 55, 64, 76]
[8 0 4 7] - [48, 55, 64, 76]
cadence: 
[8 0 4 7]-[8 0 4 7]

phrase starting offset: 33.0
phrase ending offset: 41.0
phrase type: grouping
phrase level: 1
phrase tonality: 4 - [ 0  2  3  5  7  8 10]
phrase MIDIs and GCTs: 
[8 0 4] - [48, 52, 64]
[8 0 4] - [48, 52, 60, 64]
[7 0 3 7] - [50, 54, 59, 66]
[11  0  4  7] - [51, 55, 58, 67]
[11  0  4  7] - [51, 55, 58, 67]
[10  0  3  7] - [50, 57, 62, 65]
cadence: 
[11 0 4 7]-[10 0 3 7]

phrase starting offset: 41.0
phrase ending offset: 47.0
phrase type: grouping
phrase level: 1
phrase tonality: 4 - [ 0  2  3  5  7  8 10]
phrase MIDIs and GCTs: 
[10  0  5  7 10] - [48, 57, 62, 67]
[10  0  5  7 10] - [50, 57, 60, 67]
[7 0 5] - [52, 59, 64]
cadence: 
[10 0 5 7 10]-[7 0 5]

phrase starting offset: 47.0
phrase ending offset: 52.0
phrase type: grouping
phrase level: 1
phrase tonality: 4 - [ 0  2  3  5  7  8 10]
phrase MIDIs and GCTs: 
[7 0 5] - [59, 64, 71]
[4 0 3 5] - [59, 68, 73]
[ 2  0  5 10] - [59, 66, 76]
[ 7  0  3 10] - [59, 69, 74]
[3 0 4 7] - [59, 67, 74]
cadence: 
[7 0 3 10]-[3 0 4 7]

phrase starting offset: 52.0
phrase ending offset: 63.0
phrase type: grouping
phrase level: 1
phrase tonality: 4 - [ 0  2  3  5  7  8 10]
phrase MIDIs and GCTs: 
[2 0 5] - [59, 66, 71]
[5 0 3 7] - [52, 64, 69, 72]
[0 0 3] - [52, 64, 67, 76]
[8 0 4 7] - [52, 64, 72, 79]
[6 0 4 6] - [52, 64, 70, 74]
[0 0 5] - [52, 64, 69, 76]
[0 0] - [64]
[10  0  3] - [62, 65]
[3 0 5] - [60, 67]
[10  0  3  7  8] - [58, 62, 65, 69]
[ 3  0  3  7 17] - [58, 62, 67, 72]
cadence: 
[10 0 3 7 8]-[3 0 3 7 17]

phrase starting offset: 63.0
phrase ending offset: 74.0
phrase type: grouping
phrase level: 1
phrase tonality: 4 - [ 0  2  3  5  7  8 10]
phrase MIDIs and GCTs: 
[ 0  0  5 10] - [57, 64, 69, 74]
[3 0 3 7] - [55, 62, 70, 74]
[10  0  3 10] - [50, 60, 74, 77]
[ 3  0  3  7 10] - [50, 55, 70, 77]
[ 3  0  4  7 10] - [53, 59, 67, 74]
[8 0 4 7] - [55, 60, 64, 72]
[1 0 4 7] - [60, 65, 69, 72]
[ 7  0  5 10] - [59, 64, 69, 71]
[ 3  0  4  7 14] - [57, 62, 67, 71]
[ 2  0  5  7 14] - [56, 61, 66, 71]
[ 2  0  5 10] - [54, 59, 64, 71]
cadence: 
[2 0 5 7 14]-[2 0 5 10]

phrase type: grouping
phrase level: 4
phrase tonality: 4 - [ 0  2  3  5  7  8 10]
phrase MIDIs and GCTs: 
[ 7  0  5 10 15] - [52, 57, 62, 71]
[ 2  0  5 10] - [54, 59, 64, 71]
[7 0 5] - [52, 59, 64]
[8 0 4 7] - [48, 55, 60, 64]
[ 7  0  3  7 10] - [47, 57, 62, 66]
[11  0  4  7] - [46, 55, 63, 67]
[11  0  4] - [51, 55, 63, 67]
[5 0 5] - [50, 57, 62, 69]
[10  0  5  7 10] - [48, 57, 62, 67]
[10  0  5  7 10] - [50, 57, 60, 67]
[0 0 4 7] - [52, 56, 59, 64]
cadence: 
[10 0 5 7 10]-[0 0 4 7]

NEW PIECE ========================= 
Piece name: hm1.xml

tonality offsets: [0]
grouping offsets: [0, 17.0, 23.5, 30.0, 42.0]
phrase starting offset: 0
phrase ending offset: 17.0
phrase type: tonality
phrase level: 1
phrase tonality: 9 - [ 0  2  4  5  7  9 11]
phrase MIDIs and GCTs: 
[0 0 4] - [57, 61, 69]
[0 0 4] - [57, 61, 73]
[ 0  0  4 14] - [57, 61, 71]
[0 0 4] - [57, 61, 69]
[ 9  0  3  7 14] - [56, 57, 61, 66]
[ 0  0  4  6 11] - [56, 57, 61, 63]
[ 9  0  3  7 10] - [54, 57, 61, 64]
[ 9  0  5  7 14] - [54, 59, 61, 68]
[9 0 3 7] - [54, 57, 61, 73]
[7 0 4 7 9] - [52, 56, 61, 71]
[ 9  0  3  7 10] - [52, 57, 61, 66]
[ 2  0  3 10] - [50, 59, 62, 69]
[ 0  0  4  7 14] - [49, 57, 64, 71]
[ 2  0  3  7 17] - [47, 54, 62, 76]
cadence: 
[0 0 4 7 14]-[2 0 3 7 17]

phrase starting offset: 17.0
phrase ending offset: 23.5
phrase type: grouping
phrase level: 1
phrase tonality: 9 - [ 0  2  4  5  7  9 11]
phrase MIDIs and GCTs: 
[9 0 5] - [59, 66, 71]
[9 0 5 7] - [59, 61, 66, 73]
[ 9  0  5 15] - [57, 59, 66, 69]
[ 9  0  5 14] - [56, 59, 66, 68]
[9 0 5] - [54, 59, 66]
[11  0] - [56, 68]
[7 0] - [52, 64]
[5 0] - [50, 62]
[4 0] - [49, 61]
cadence: 
[5 0]-[4 0]

phrase starting offset: 23.5
phrase ending offset: 30.0
phrase type: grouping
phrase level: 1
phrase tonality: 9 - [ 0  2  4  5  7  9 11]
phrase MIDIs and GCTs: 
[2 0 6] - [59, 65, 71]
[9 0 5 7] - [59, 61, 66, 73]
[ 9  0  5 15] - [57, 59, 66, 69]
[ 9  0  5 14] - [56, 59, 66, 68]
[9 0 5] - [54, 59, 66]
[11  0  3] - [56, 59, 68]
[2 0 5] - [52, 59, 64]
[0 0 5] - [50, 57, 62]
[11  0  5] - [49, 56, 61]
cadence: 
[0 0 5]-[11 0 5]

phrase starting offset: 30.0
phrase ending offset: 42.0
phrase type: grouping
phrase level: 2
phrase tonality: 9 - [ 0  2  4  5  7  9 11]
phrase MIDIs and GCTs: 
[4 0] - [61]
[ 2  0  4 14] - [59, 61, 63]
[ 0  0  4  7 11] - [57, 61, 64, 68]
[ 4  0  5  7 14] - [56, 63, 66, 73]
[ 7  0  4  7 17] - [57, 64, 68, 71]
[ 4  0  5  7 14] - [56, 63, 66, 73]
[ 4  0  5 14 15] - [54, 61, 64, 75]
[ 4  0  5  7 14] - [56, 63, 66, 73]
[ 9  0  5 10 15] - [57, 64, 66, 71]
[11  0  5  7] - [56, 63, 68, 73]
[9 0 4 7 9] - [54, 61, 70, 75]
[4 0 4 7] - [61, 65, 68, 73]
cadence: 
[9 0 4 7 9]-[4 0 4 7]

phrase type: grouping
phrase level: 4
phrase tonality: 9 - [ 0  2  4  5  7  9 11]
phrase MIDIs and GCTs: 
[0 0 4] - [57, 61, 69]
[0 0 4] - [57, 61, 73]
[ 0  0  4 14] - [57, 61, 71]
[0 0 4] - [57, 61, 69]
[ 9  0  5  7 14] - [56, 59, 61, 66]
[ 0  0  4  6 11] - [56, 57, 61, 63]
[ 9  0  3  7 10] - [54, 57, 61, 64]
[ 9  0  5  7 14] - [54, 59, 61, 68]
[9 0 3 7] - [54, 57, 61, 73]
[7 0 4 7 9] - [52, 56, 61, 71]
[ 9  0  3  7 10] - [52, 57, 61, 66]
[ 2  0  3 10] - [50, 59, 62, 69]
[ 0  0  4  7 14] - [49, 57, 64, 71]
[ 2  0  3  7 17] - [47, 54, 62, 76]
[ 2  0  3  7 10 17] - [47, 54, 57, 62, 76]
[ 2  0  3  7 14] - [50, 59, 66, 73]
[0 0 4 7] - [52, 61, 64, 69]
cadence: 
[2 0 3 7 14]-[0 0 4 7]

