================== Logging initialisation ================== 
Initialising file: /home/maximos/repos/chameleon_noblend/training_logs/Mussorgsky.txt
NEW IDIOM ============================================ 
Idiom name: Mussorgsky

NEW PIECE ========================= 
Piece name: Mussorgsky4.xml

tonality offsets: [0]
grouping offsets: [0, 13.0, 24.0, 32.0, 43.0]
phrase starting offset: 0
phrase ending offset: 13.0
phrase type: tonality
phrase level: 1
phrase tonality: 3 - [ 0  2  4  7  7  9 11]
phrase MIDIs and GCTs: 
[11  0  3  7] - [65, 69, 74]
[6 0 3 7] - [69, 72, 76]
[6 0 3 7] - [69, 72, 76, 81]
[11  0  3  7] - [69, 74, 77]
[6 0 3 7] - [69, 72, 76]
[6 0 3 7] - [69, 72, 76, 81]
[7 0 4 7] - [70, 74, 77]
[4 0 3 7] - [67, 70, 74]
[4 0 3 7 9] - [64, 70, 74, 76, 79, 88]
[4 0 3 7 9] - [67, 70, 74, 76, 79, 82]
[ 6  0  4  7 10] - [69, 73, 76, 79, 81]
cadence: 
[4 0 3 7 9]-[6 0 4 7 10]

phrase starting offset: 13.0
phrase ending offset: 24.0
phrase type: grouping
phrase level: 1
phrase tonality: 3 - [ 0  2  4  7  7  9 11]
phrase MIDIs and GCTs: 
[4 0 3 7] - [55, 62, 67, 70]
[6 0 4 7] - [57, 61, 64, 69]
[11  0  3  7] - [53, 62, 65, 69, 74]
[6 0 4 7] - [52, 61, 69, 73, 76]
[6 0 4 7] - [52, 61, 69, 73, 81]
[11  0  3  7] - [50, 62, 69, 74, 77]
[6 0 3 7] - [48, 60, 69, 72, 76]
[6 0 3] - [48, 60, 69, 72, 81]
[7 0 4 7] - [46, 58, 65, 74, 77]
[4 0 3 7] - [43, 55, 62, 70, 74]
[9 0 4 7] - [36, 48, 64, 67, 76]
[7 0 4 7] - [38, 50, 58, 65, 70]
[6 0 4 7] - [37, 49, 57, 64, 69]
cadence: 
[7 0 4 7]-[6 0 4 7]

phrase starting offset: 24.0
phrase ending offset: 32.0
phrase type: grouping
phrase level: 1
phrase tonality: 3 - [ 0  2  4  7  7  9 11]
phrase MIDIs and GCTs: 
[6 0] - [33, 45]
[7 0] - [34, 46]
[10  0  3] - [28, 40, 49, 61]
[6 0 4] - [33, 45, 49, 61]
[7 0 3] - [34, 46, 49, 61]
[1 0 3] - [28, 40, 55, 67]
[7 0 6] - [34, 46, 52, 64]
[9 0 4] - [36, 48, 52, 64]
[6 0] - [33, 45, 57, 69]
[6 0] - [45, 57, 69]
[6 0] - [45, 57]
cadence: 
[6 0]-[6 0]

phrase starting offset: 32.0
phrase ending offset: 43.0
phrase type: grouping
phrase level: 1
phrase tonality: 3 - [ 0  2  4  7  7  9 11]
phrase MIDIs and GCTs: 
[2 0 4] - [41, 53, 57, 69]
[7 0 6] - [40, 52, 58, 70]
[7 0 4] - [38, 50, 58, 70]
[6 0] - [33, 45, 57, 69]
[4 0 3] - [34, 46, 55, 67]
[2 0 5] - [34, 46, 53, 65]
[2 0 4] - [29, 41, 57, 69]
[4 0 3] - [31, 43, 58, 70]
[1 0 3] - [31, 43, 52, 64]
[4 0 2] - [31, 43, 57, 69]
[4 0 3] - [31, 43, 58, 70]
[7 0 6] - [34, 46, 52, 64]
[7 0 6] - [40, 52, 58, 70]
[9 0 4] - [40, 52, 60, 72]
[1 0 5] - [40, 52, 57, 69]
cadence: 
[9 0 4]-[1 0 5]

phrase type: grouping
phrase level: 4
phrase tonality: 3 - [ 0  2  4  7  7  9 11]
phrase MIDIs and GCTs: 
[6 0] - [33, 45, 69, 81]
[2 0 5] - [34, 46, 65, 77]
[1 0 3] - [31, 43, 64, 76]
[11  0  5] - [31, 43, 62, 74]
[6 0] - [33, 45, 57, 69]
[6 0] - [45, 57]
[6 0] - [57, 69]
[2 0 4 7] - [65, 77, 81, 84]
[2 0 4 7] - [65, 69, 72]
[10  0  4  7] - [65, 73, 77, 80]
[2 0 3 6] - [65, 68, 71]
[6 0] - [57, 69]
[6 0] - [69, 81]
cadence: 
[6 0]-[6 0]

NEW PIECE ========================= 
Piece name: Mussorgsky1.xml

tonality offsets: [0, 40.0, 73.0]
grouping offsets: [0, 11.0, 22.0, 29.0, 33.0, 40.0, 44.0, 50.0, 56.0, 61.0, 67.0, 73.0, 85.0, 89.0, 98.0, 114.0, 125.0]
phrase starting offset: 0
phrase ending offset: 11.0
phrase type: tonality
phrase level: 1
phrase tonality: 5 - [ 0  2  4  5  7  9 10]
phrase MIDIs and GCTs: 
[2 0] - [67]
[0 0] - [65]
[5 0] - [70]
[7 0] - [72]
[0 0] - [77]
[9 0] - [74]
[7 0] - [72]
[0 0] - [77]
[9 0] - [74]
[5 0] - [70]
[7 0] - [72]
[2 0] - [67]
[0 0] - [65]
cadence: 
[2 0]-[0 0]

phrase starting offset: 11.0
phrase ending offset: 22.0
phrase type: grouping
phrase level: 1
phrase tonality: 5 - [ 0  2  4  5  7  9 10]
phrase MIDIs and GCTs: 
[2 0 3 7] - [43, 55, 58, 62, 67]
[0 0 4 7] - [45, 53, 57, 60, 65]
[2 0 3 7] - [43, 55, 58, 62, 70]
[0 0 4 7] - [41, 53, 60, 69, 72]
[0 0 4 7] - [41, 53, 60, 69, 77]
[9 0 3 7] - [38, 50, 65, 69, 74]
[0 0 4 7] - [41, 53, 60, 69, 72]
[0 0 4 7] - [41, 53, 60, 69, 77]
[5 0 4 7] - [46, 58, 65, 70, 74]
[2 0 3 7] - [43, 55, 62, 67, 70]
[7 0 4 7] - [36, 48, 64, 67, 72]
[7 0 4 7] - [40, 52, 55, 60, 67]
[0 0 4 7] - [41, 53, 57, 60, 65]
cadence: 
[7 0 4 7]-[0 0 4 7]

phrase starting offset: 22.0
phrase ending offset: 29.0
phrase type: grouping
phrase level: 1
phrase tonality: 5 - [ 0  2  4  5  7  9 10]
phrase MIDIs and GCTs: 
[0 0] - [65]
[2 0] - [67]
[9 0] - [62]
[0 0] - [65]
[2 0] - [67]
[7 0] - [60]
[2 0] - [67]
[4 0] - [69]
[0 0] - [65]
cadence: 
[4 0]-[0 0]

phrase starting offset: 29.0
phrase ending offset: 33.0
phrase type: grouping
phrase level: 1
phrase tonality: 5 - [ 0  2  4  5  7  9 10]
phrase MIDIs and GCTs: 
[0 0] - [41, 53, 65, 77]
[5 0 4 7] - [46, 58, 65, 74]
[ 2  0  5 10] - [43, 55, 65, 72]
[ 2  0  3 10] - [43, 55, 65, 70]
[0 0] - [41, 53, 65]
cadence: 
[2 0 3 10]-[0 0]

phrase starting offset: 33.0
phrase ending offset: 40.0
phrase type: grouping
phrase level: 1
phrase tonality: 5 - [ 0  2  4  5  7  9 10]
phrase MIDIs and GCTs: 
[0 0] - [65]
[2 0] - [67]
[9 0] - [62]
[0 0] - [65]
[2 0] - [67]
[10  0] - [63]
[5 0] - [70]
[7 0] - [72]
[3 0] - [68]
cadence: 
[7 0]-[3 0]

phrase starting offset: 40.0
phrase ending offset: 44.0
phrase type: tonality
phrase level: 1
phrase tonality: 3 - [ 0  2  4  5  7  9 10]
phrase MIDIs and GCTs: 
[5 0] - [44, 56, 68, 80]
[10  0  4  7] - [49, 61, 68, 77]
[ 7  0  5 10] - [46, 58, 68, 75]
[ 7  0  3 10] - [46, 58, 68, 73]
[5 0] - [44, 56, 68]
cadence: 
[7 0 3 10]-[5 0]

phrase starting offset: 44.0
phrase ending offset: 50.0
phrase type: grouping
phrase level: 1
phrase tonality: 3 - [ 0  2  4  5  7  9 10]
phrase MIDIs and GCTs: 
[ 0  0  5 15] - [30, 42, 56, 63, 68]
[0 0 3 7] - [30, 42, 58, 63, 70]
[ 2  0  3 10] - [29, 41, 56, 63, 68]
[0 0 3 7] - [30, 42, 58, 63, 70]
[9 0 3 6] - [30, 42, 60, 63, 72]
[0 0 3] - [30, 42, 63, 75]
[0 0 3 7] - [30, 42, 58, 63, 70]
[ 0  0  5 15] - [42, 54, 56, 63, 68]
cadence: 
[0 0 3 7]-[0 0 5 15]

phrase starting offset: 50.0
phrase ending offset: 56.0
phrase type: grouping
phrase level: 2
phrase tonality: 3 - [ 0  2  4  5  7  9 10]
phrase MIDIs and GCTs: 
[10  0  4  7] - [41, 53, 61, 65, 68, 73]
[5 0 4 7] - [39, 51, 63, 68, 72, 75]
[10  0  4  7] - [37, 49, 65, 68, 73, 77]
[5 0 5] - [37, 49, 68, 80]
[0 0 3 7] - [39, 51, 66, 70, 75, 78]
[10  0  4  7] - [41, 53, 65, 68, 73, 77]
[5 0 4 7] - [44, 56, 63, 68, 72, 75]
[ 5  0 10] - [44, 56, 66, 78]
[7 0 3 7] - [46, 58, 65, 70, 73, 77]
[7 0 3] - [46, 58, 61, 73]
[5 0 4 7] - [44, 56, 63, 68, 72, 75]
cadence: 
[7 0 3]-[5 0 4 7]

phrase starting offset: 56.0
phrase ending offset: 61.0
phrase type: grouping
phrase level: 1
phrase tonality: 3 - [ 0  2  4  5  7  9 10]
phrase MIDIs and GCTs: 
[ 0  0  5 15] - [30, 42, 56, 63, 68]
[0 0 3 7] - [30, 42, 58, 63, 70]
[ 2  0  3 10] - [29, 41, 56, 63, 68]
[0 0 3 7] - [30, 42, 58, 63, 70]
[9 0 3 6] - [30, 42, 60, 63, 72]
[0 0 3] - [42, 54, 63, 75]
[7 0] - [58, 70]
cadence: 
[0 0 3]-[7 0]

phrase starting offset: 61.0
phrase ending offset: 67.0
phrase type: grouping
phrase level: 1
phrase tonality: 3 - [ 0  2  4  5  7  9 10]
phrase MIDIs and GCTs: 
[4 0 3 5] - [34, 46, 60, 67, 72]
[4 0 3 7] - [34, 46, 62, 67, 74]
[ 4  0  5 14] - [33, 45, 60, 67, 72]
[4 0 3 7] - [34, 46, 62, 67, 74]
[ 4  0  3 10] - [34, 46, 65, 67, 77]
[4 0 3] - [34, 46, 67, 79]
[4 0 3 7] - [34, 46, 62, 67, 74]
[4 0 3 5] - [46, 58, 60, 67, 72]
cadence: 
[4 0 3 7]-[4 0 3 5]

phrase starting offset: 67.0
phrase ending offset: 73.0
phrase type: grouping
phrase level: 2
phrase tonality: 3 - [ 0  2  4  5  7  9 10]
phrase MIDIs and GCTs: 
[2 0 4 7] - [45, 57, 65, 69, 72, 77]
[9 0 4 7] - [43, 55, 67, 72, 76, 79]
[2 0 4 7] - [41, 53, 69, 72, 77, 81]
[9 0 5] - [41, 53, 72, 84]
[4 0 3 7] - [43, 55, 70, 74, 79, 82]
[2 0 4 7] - [45, 57, 69, 72, 77, 81]
[9 0 4 7] - [48, 60, 67, 72, 76, 79]
[7 0 2] - [48, 60, 70, 82]
[11  0  3  7] - [50, 62, 69, 74, 77, 81]
[11  0  3] - [50, 62, 65, 77]
[9 0 4 7] - [48, 60, 67, 72, 76, 79]
cadence: 
[11 0 3]-[9 0 4 7]

phrase starting offset: 73.0
phrase ending offset: 85.0
phrase type: tonality
phrase level: 1
phrase tonality: 5 - [ 0  2  4  5  7  9 10]
phrase MIDIs and GCTs: 
[4 0 3] - [45, 57, 69, 72, 81]
[4 0 3 7] - [45, 57, 69, 72, 76]
[5 0 4 7] - [46, 58, 65, 74, 77]
[0 0 4 7] - [41, 53, 69, 72, 81]
[2 0 3 7 9] - [43, 55, 64, 70, 74]
[0 0 4 7] - [41, 53, 69, 72, 81]
[2 0 3 7 9] - [43, 55, 64, 70, 74]
[9 0 3 7] - [38, 50, 65, 69, 77]
[ 9  0  3  7 10] - [38, 50, 65, 69, 72]
[ 2  0  3  7 10] - [43, 55, 65, 70, 74]
[9 0 3 7] - [38, 50, 65, 69, 77]
[ 2  0  3  7 10] - [43, 55, 65, 70, 74]
[9 0 3 7] - [38, 50, 65, 69, 77]
[ 9  0  3  7 10] - [38, 50, 65, 69, 72]
[ 2  0  3  7 10] - [43, 55, 65, 70, 74]
cadence: 
[9 0 3 7 10]-[2 0 3 7 10]

phrase starting offset: 85.0
phrase ending offset: 89.0
phrase type: grouping
phrase level: 2
phrase tonality: 5 - [ 0  2  4  5  7  9 10]
phrase MIDIs and GCTs: 
[7 0 3 7] - [36, 48, 63, 67, 72]
[7 0 4 7] - [36, 48, 64, 67, 72]
[0 0 4 7] - [41, 53, 60, 65, 69]
[ 2  0  3  7 10] - [43, 55, 62, 65, 70]
[7 0 3 7] - [36, 48, 63, 67, 72]
[7 0 4 7] - [36, 48, 64, 67, 72]
cadence: 
[7 0 3 7]-[7 0 4 7]

phrase starting offset: 89.0
phrase ending offset: 98.0
phrase type: grouping
phrase level: 1
phrase tonality: 5 - [ 0  2  4  5  7  9 10]
phrase MIDIs and GCTs: 
[0 0 4 7] - [41, 53, 60, 65, 69]
[ 2  0  3  7 10] - [43, 55, 62, 65, 70]
[ 9  0  5 15] - [43, 55, 62, 65, 74]
[7 0 4 7] - [36, 48, 64, 67, 72]
[ 9  0  3  7 10] - [41, 60, 62, 65, 69]
[7 0 4 7] - [36, 48, 64, 67, 72]
[0 0] - [29, 41, 65, 77]
[10  0  4  7] - [31, 43, 63, 67, 70, 75]
[9 0 5] - [31, 43, 62, 74]
[0 0 4 7] - [33, 45, 60, 65, 69, 72]
[5 0 4 7] - [34, 46, 62, 65, 70]
[0 0 4 7] - [33, 45, 60, 65, 72]
cadence: 
[5 0 4 7]-[0 0 4 7]

phrase starting offset: 98.0
phrase ending offset: 114.0
phrase type: grouping
phrase level: 1
phrase tonality: 5 - [ 0  2  4  5  7  9 10]
phrase MIDIs and GCTs: 
[5 0 4 7] - [34, 46, 62, 65, 74]
[0 0 4 7] - [33, 45, 65, 69, 72, 77]
[10  0  4  7] - [31, 43, 67, 70, 75, 79]
[2 0 3] - [31, 43, 70, 82]
[0 0] - [29, 41, 65, 77]
[2 0] - [31, 43, 67, 79]
[0 0] - [29, 41, 65, 77]
[10  0  4  7] - [31, 43, 63, 67, 70, 75]
[9 0 5] - [31, 43, 62, 74]
[0 0 4 7] - [33, 45, 60, 65, 69, 72]
[5 0 4 7] - [34, 46, 62, 65, 70]
[0 0 4 7] - [33, 45, 60, 65, 72]
[5 0 4 7] - [34, 46, 62, 65, 74]
[0 0 4 7] - [33, 45, 65, 69, 72, 77]
[10  0  4  7] - [31, 43, 67, 70, 75, 79]
[2 0 3] - [31, 43, 70, 82]
[0 0] - [29, 41, 65, 77]
[2 0] - [31, 43, 67, 79]
[0 0] - [29, 41, 65, 77]
[2 0] - [55, 67]
cadence: 
[0 0]-[2 0]

phrase starting offset: 114.0
phrase ending offset: 125.0
phrase type: grouping
phrase level: 1
phrase tonality: 5 - [ 0  2  4  5  7  9 10]
phrase MIDIs and GCTs: 
[0 0] - [53, 65]
[ 7  0  4  7 10] - [36, 48, 67, 70, 76, 79]
[5 0 2] - [36, 48, 70, 82]
[0 0] - [29, 41, 65, 77]
[2 0] - [31, 43, 67, 79]
[0 0] - [29, 41, 65, 77]
[10  0  4  7] - [39, 51, 58, 63, 67]
[0 0 4 7] - [41, 53, 57, 60, 65]
[5 0 4 7] - [38, 50, 58, 65, 70]
[0 0 4 7] - [36, 48, 60, 65, 69, 72]
[7 0 5] - [36, 48, 65, 77]
[5 0 4 7] - [34, 46, 62, 65, 70, 74]
[0 0 4 7] - [33, 45, 60, 65, 69, 72]
[0 0 4] - [33, 45, 65, 77]
cadence: 
[0 0 4 7]-[0 0 4]

phrase type: grouping
phrase level: 4
phrase tonality: 5 - [ 0  2  4  5  7  9 10]
phrase MIDIs and GCTs: 
[ 2  0  3  7 10] - [31, 43, 62, 65, 70, 74]
[ 2  0  3  7 10] - [43, 55, 58, 62, 65, 70]
[7 0 3 7] - [36, 48, 60, 63, 67, 72]
[7 0 4 7] - [40, 52, 55, 60, 64, 67]
[0 0 4 7] - [41, 53, 57, 60, 65]
[2 0 3 7] - [34, 46, 55, 62, 67]
[0 0 4 7] - [33, 45, 57, 60, 65]
[2 0 3 7] - [31, 43, 58, 62, 70]
[0 0 4 7] - [29, 41, 60, 65, 69, 72]
[0 0] - [29, 41, 65, 77]
[5 0 4 7] - [34, 46, 62, 65, 70, 74]
[2 0 3 7] - [43, 55, 58, 62, 67, 70]
[7 0 3 7] - [36, 48, 63, 67, 72, 75]
[0 0 4 7] - [41, 53, 60, 65, 69, 72]
[5 0 4 7] - [46, 58, 62, 65, 70]
cadence: 
[0 0 4 7]-[5 0 4 7]

NEW PIECE ========================= 
Piece name: Mussorgsky2.xml

tonality offsets: [0]
grouping offsets: [0, 11.0, 22.0, 33.0, 40.0, 47.0]
phrase starting offset: 0
phrase ending offset: 11.0
phrase type: tonality
phrase level: 1
phrase tonality: 5 - [ 0  2  3  5  7  8 10]
phrase MIDIs and GCTs: 
[0 0] - [53]
[10  0] - [51]
[3 0] - [56]
[5 0] - [58]
[10  0] - [63]
[7 0] - [60]
[5 0] - [58]
[10  0] - [63]
[7 0] - [60]
[3 0] - [56]
[5 0] - [58]
[0 0] - [53]
[10  0] - [51]
cadence: 
[0 0]-[10 0]

phrase starting offset: 11.0
phrase ending offset: 22.0
phrase type: grouping
phrase level: 1
phrase tonality: 5 - [ 0  2  3  5  7  8 10]
phrase MIDIs and GCTs: 
[8 0 4 7] - [53, 61, 65, 68]
[10  0  4  7] - [51, 58, 67, 70]
[3 0 4 7] - [56, 63, 68, 72]
[10  0  4  7] - [58, 67, 70, 75]
[10  0  4  7] - [63, 67, 70, 75]
[3 0 4 7] - [60, 72, 75, 80]
[10  0  4  7] - [58, 70, 75, 79]
[10  0  4  7] - [63, 70, 75, 79]
[7 0 3 7] - [60, 67, 72, 75]
[0 0 3 7] - [56, 68, 72, 77]
[5 0 3 7] - [58, 73, 77, 82]
[0 0 3 7] - [53, 77, 80, 84]
[10  0  4  7] - [51, 79, 82, 87]
cadence: 
[0 0 3 7]-[10 0 4 7]

phrase starting offset: 22.0
phrase ending offset: 33.0
phrase type: grouping
phrase level: 1
phrase tonality: 5 - [ 0  2  3  5  7  8 10]
phrase MIDIs and GCTs: 
[10  0] - [51]
[0 0] - [53]
[7 0] - [48]
[10  0] - [51]
[0 0] - [53]
[5 0] - [46]
[0 0] - [53]
[2 0] - [55]
[10  0] - [51]
[10  0] - [63]
[7 0] - [60]
[5 0] - [58]
[3 0] - [56]
[10  0] - [51]
cadence: 
[3 0]-[10 0]

phrase starting offset: 33.0
phrase ending offset: 40.0
phrase type: grouping
phrase level: 1
phrase tonality: 5 - [ 0  2  3  5  7  8 10]
phrase MIDIs and GCTs: 
[10  0  4  7] - [51, 67, 70, 75, 79]
[8 0 4 7] - [53, 65, 68, 73, 77]
[3 0 4 7] - [48, 68, 72, 75, 80]
[10  0  4  7] - [51, 70, 75, 79, 82]
[10  0  4  7 14] - [53, 70, 75, 79, 82]
[5 0 3 7] - [46, 73, 77, 82, 85]
[5 0 3 7] - [53, 77, 82, 85, 89]
[5 0 3 7 9] - [55, 77, 82, 85, 89]
[10  0  4  7] - [51, 79, 82, 87, 91]
cadence: 
[5 0 3 7 9]-[10 0 4 7]

phrase starting offset: 40.0
phrase ending offset: 47.0
phrase type: grouping
phrase level: 1
phrase tonality: 5 - [ 0  2  3  5  7  8 10]
phrase MIDIs and GCTs: 
[7 0 3 7] - [63, 72, 75, 79, 84]
[3 0 4 7] - [60, 68, 72, 75, 80]
[5 0 3 7] - [58, 70, 73, 77, 82]
[ 5  0  3  7 10] - [56, 70, 73, 77, 82]
[10  0  4  7] - [51, 67, 70, 75, 79]
[ 8  0  4  7 14] - [51, 56, 61, 65]
[10  0  4  7] - [51, 55, 58, 63]
[3 0 4 7] - [51, 60, 63, 68]
cadence: 
[10 0 4 7]-[3 0 4 7]

phrase type: grouping
phrase level: 4
phrase tonality: 5 - [ 0  2  3  5  7  8 10]
phrase MIDIs and GCTs: 
[10  0  4  7 17] - [44, 63, 67, 70]
[10  0  4  5] - [44, 63, 67, 75]
[3 0 4 7] - [44, 63, 68, 72]
[3 0] - [44]
[ 5  0  3  7 17] - [39, 61, 65, 70]
[ 8  0  4 14] - [39, 61, 65, 75]
[7 0 3 7] - [39, 63, 67, 72]
[3 0 4 7] - [39, 60, 63, 68]
[ 5  0  4  7 10] - [32, 62, 65, 70]
[ 5  0  4  7 10] - [32, 58, 62, 65]
[10  0  4  7] - [55, 58, 63]
[ 5  0  3  7 10] - [56, 61, 65, 70, 82]
[10  0  4  7] - [55, 58, 63, 70, 82]
[3 0 4 7] - [60, 63, 68, 75, 87]
[10  0  4  7] - [63, 67, 70, 75, 87]
[10  0  4] - [63, 67, 75, 87]
[3 0 4 7] - [63, 68, 72, 75, 87]
[10  0] - [75, 87]
[5 0 3 7 9] - [61, 65, 67, 70, 79]
[10  0  4 10 14] - [61, 65, 67, 75, 79]
[7 0 3 7] - [63, 67, 72, 79]
[3 0 4 7] - [60, 63, 68, 80]
[5 0 4 7] - [62, 65, 70, 82]
[5 0 4 7] - [58, 62, 65, 70, 82]
[10  0  4  7] - [55, 58, 63, 70, 82]
cadence: 
[5 0 4 7]-[10 0 4 7]

NEW PIECE ========================= 
Piece name: Mussorgsky3.xml

tonality offsets: [0]
grouping offsets: [0, 11.0, 18.0, 25.0]
phrase starting offset: 0
phrase ending offset: 11.0
phrase type: tonality
phrase level: 1
phrase tonality: 8 - [ 0  2  3  5  7  8 10]
phrase MIDIs and GCTs: 
[0 0] - [56, 68]
[10  0] - [54, 66]
[3 0 4] - [27, 39, 59, 71]
[2 0 3] - [34, 46, 61, 73]
[10  0  4] - [34, 46, 66, 78]
[3 0 4] - [35, 47, 63, 75]
[2 0 3] - [34, 46, 61, 73]
[10  0  4] - [34, 46, 66, 78]
[3 0 4] - [35, 47, 63, 75]
[3 0 4] - [27, 39, 59, 71]
[5 0 3] - [28, 40, 61, 73]
[9 0 3] - [29, 41, 56, 68]
[10  0] - [30, 42, 54, 66]
cadence: 
[9 0 3]-[10 0]

phrase starting offset: 11.0
phrase ending offset: 18.0
phrase type: grouping
phrase level: 1
phrase tonality: 8 - [ 0  2  3  5  7  8 10]
phrase MIDIs and GCTs: 
[0 0] - [32, 44]
[10  0] - [30, 42]
[3 0 4 7] - [35, 47, 66, 71, 75, 78]
[10  0  4  7] - [37, 49, 61, 66, 70, 73]
[10  0  4  7] - [42, 54, 61, 66, 70, 73]
[3 0 4 7] - [39, 51, 66, 71, 75, 78]
[10  0  4  7] - [37, 49, 70, 73, 78, 82]
[10  0  4  7] - [42, 54, 70, 73, 78, 82]
[3 0 4 7] - [39, 51, 71, 75, 78, 83]
cadence: 
[10 0 4 7]-[3 0 4 7]

phrase starting offset: 18.0
phrase ending offset: 25.0
phrase type: grouping
phrase level: 1
phrase tonality: 8 - [ 0  2  3  5  7  8 10]
phrase MIDIs and GCTs: 
[3 0 4 7] - [35, 47, 75, 78, 83, 87]
[5 0 4 7] - [37, 49, 73, 77, 80, 85]
[5 0 4 7] - [32, 44, 77, 80, 85, 89]
[10  0  4  7] - [30, 42, 78, 82, 85, 90]
[10  0] - [66, 78]
[0 0] - [68, 80]
[5 0 4] - [41, 53, 61, 73]
cadence: 
[0 0]-[5 0 4]

phrase type: grouping
phrase level: 4
phrase tonality: 8 - [ 0  2  3  5  7  8 10]
phrase MIDIs and GCTs: 
[10  0 11] - [41, 53, 66, 78]
[9 0 3] - [41, 53, 68, 80]
[5 0 3] - [40, 52, 61, 73]
[8 0 4] - [40, 52, 68, 80]
[8 0 6] - [40, 52, 70, 82]
[7 0 3] - [39, 51, 66, 78]
[7 0 3] - [39, 51, 78, 90]
[7 0] - [39, 51, 75, 87]
[5 0 4] - [41, 53, 73, 85]
[3 0 6] - [41, 53, 71, 83]
[10  0] - [42, 54, 66, 78]
[10  0] - [54, 66]
[0 0] - [56, 68]
[5 0] - [49, 61]
[10  0] - [54, 66]
[0 0] - [56, 68]
[5 0] - [49, 61]
[10  0] - [66]
[0 0] - [68]
[5 0] - [61]
cadence: 
[0 0]-[5 0]

