================== Logging initialisation ================== 
Initialising file: /home/kvelenis/Documents/repos/chameleon/training_logs/Secundal.txt
NEW IDIOM ============================================ 
Idiom name: Secundal

NEW PIECE ========================= 
Piece name: secundal 5-ives.xml

tonality offsets: [0]
grouping offsets: [0]
phrase type: grouping
phrase level: 4
phrase tonality: 11 - [ 0  1  2  3  4  5  6  7  8  9 10 11]
phrase MIDIs and GCTs: 
[ 8  0  4  7 10] - [59, 62, 65, 67]
[ 1  0  3  7  9 11 14] - [51, 67, 69, 71, 72, 74]
[ 3  0  3  7  9 10 14] - [45, 59, 60, 62, 64, 65]
[ 1  0  4  7 14 17] - [40, 60, 62, 64, 65, 67]
[ 1  0  4  7 14 17] - [60, 62, 64, 65, 67]
[ 8  0  4  7  9 10 14] - [35, 62, 64, 65, 67, 69]
[0 0] - [35]
[ 8  0  4  7  9 10 14] - [35, 62, 64, 65, 67, 69]
[ 3  0  3  7 14 17] - [62, 64, 65, 67, 69]
[ 0  0  3  4  6 13] - [47, 48, 50, 51, 53]
[ 3  0  3  7 14 17] - [62, 64, 65, 67, 69]
[ 6  0  4  7 14 18] - [53, 55, 57, 59, 60]
[ 3  0  3  7 14 17] - [62, 64, 65, 67, 69]
[11  0] - [58]
[ 3  0  3  7 14 17] - [62, 64, 65, 67, 69]
[9 0] - [56]
[ 3  0  3  7 14 17] - [62, 64, 65, 67, 69]
[ 8  0  4  7 14 17] - [43, 45, 47, 48, 50]
[ 5  0  3  7 13 17] - [64, 65, 67, 69, 71]
[ 5  0  3  7 13 17] - [64, 65, 67, 69, 71]
[ 6  0  3  7  9 10] - [48, 50, 51, 53, 56]
[ 0  0  3 10 13] - [69, 71, 72, 74]
[ 6  0  3  7 17 18] - [53, 56, 58, 59, 60]
[ 1  0  4  7 14 17] - [72, 74, 76, 77, 79]
[ 1  0  4  7 14 17] - [72, 74, 76, 77, 79]
[ 6  0  4  7 14 18] - [41, 43, 45, 47, 48]
[ 3  0  3  7 14 17] - [62, 64, 65, 67, 69]
[ 0  0  3  4 10 13] - [45, 47, 48, 50, 51]
[ 6  0  4  7 14 18] - [65, 67, 69, 71, 72]
[ 9  0  3  7  9 14] - [51, 53, 56, 58, 59]
[10  0  3  7 14] - [69, 71, 72, 76]
[ 0  0  3  5  6 13] - [59, 60, 62, 64, 65]
[ 6  0  4  7 14 18] - [77, 79, 81, 83, 84]
[ 5  0  3  7 13 17] - [64, 65, 67, 69, 71]
[ 6  0  4  7 14 18] - [77, 79, 81, 83, 84]
[10  0  3  7 14 17] - [69, 71, 72, 74, 76]
[ 0  0  3  5  6 13] - [83, 84, 86, 88, 89]
[ 3  0  3  7 14 17] - [74, 76, 77, 79, 81]
[ 8  0  4  7  9 10] - [74, 76, 77, 79, 83]
[ 8  0  4  7 14 17] - [67, 69, 71, 72, 74]
[ 8  0  4  7 14 17] - [79, 81, 83, 84, 86]
[ 5  0  3  7  8 10 13 17] - [60, 62, 64, 65, 67, 79, 81, 83, 84, 86]
[10  0  3  7 14 17] - [81, 83, 84, 86, 88]
[ 5  0  3  7  8 10 13 17] - [53, 55, 57, 59, 60, 81, 83, 84, 86, 88]
[10  0  3  7 14 17] - [81, 83, 84, 86, 88]
[ 1  0  4  7 14 17] - [48, 50, 52, 53, 55, 84, 86, 88, 89, 91]
[ 1  0  4  7 14 17] - [48, 50, 52, 53, 55, 84, 86, 88, 89, 91]
[ 1  0  4  7 14 17] - [48, 50, 52, 53, 55, 84, 86, 88, 89, 91]
[ 5  0  3  7  8 13] - [47, 48, 52, 53, 55]
[8 0 4 5] - [31, 35, 36, 55]
[ 8  0  4  7 14 17] - [43, 45, 47, 48, 50, 55]
[8 0] - [55]
cadence: 
[8 0 4 7 14 17]-[8 0]

NEW PIECE ========================= 
Piece name: secundal 4-finney.xml

tonality offsets: [0]
grouping offsets: [0, 9.0, 17.0]
phrase starting offset: 0
phrase ending offset: 9.0
phrase type: tonality
phrase level: 1
phrase tonality: 7 - [ 0  1  2  3  4  5  6  7  8  9 10 11]
phrase MIDIs and GCTs: 
[10  0 11] - [64, 65]
[8 0 4] - [63, 67]
[8 0 4] - [63, 67]
[8 0 4 6] - [55, 57, 63, 67]
[8 0 4 6] - [55, 57, 63, 67]
[ 2  0 10] - [55, 57, 67, 69]
[10  0  3 11 13] - [64, 65, 66, 68]
[ 5  0 10] - [58, 60, 70, 72]
cadence: 
[10 0 3 11 13]-[5 0 10]

phrase starting offset: 9.0
phrase ending offset: 17.0
phrase type: grouping
phrase level: 1
phrase tonality: 7 - [ 0  1  2  3  4  5  6  7  8  9 10 11]
phrase MIDIs and GCTs: 
[ 7  0 11] - [73, 74]
[ 7  0 11] - [73, 74]
[ 8  0  4  7 10 11 13] - [58, 63, 64, 67, 73, 74]
[ 8  0  4  7 10 11 13] - [58, 63, 64, 67, 73, 74]
[10  0  3  7  8  9 13] - [60, 65, 66, 68, 73, 74]
[3 0] - [58]
[ 0  0  4 14] - [55, 57, 59]
cadence: 
[3 0]-[0 0 4 14]

phrase type: grouping
phrase level: 4
phrase tonality: 7 - [ 0  1  2  3  4  5  6  7  8  9 10 11]
phrase MIDIs and GCTs: 
[ 0  0  3  4 14] - [55, 57, 58, 59]
[ 0  0  4  5 14] - [55, 57, 59, 60]
[ 0  0  4  6 14] - [55, 57, 59, 61]
[ 0  0  4  7 14] - [55, 57, 59, 62]
[ 1  0  3 11 13] - [55, 56, 57, 59]
[11  0  3  5 13] - [54, 55, 57, 59]
[ 0  0  4 10 14] - [53, 55, 57, 59]
[ 9  0  3  7 17] - [52, 55, 57, 59]
[ 0  0  4 14] - [55, 57, 59]
[ 0  0  4  8 14] - [51, 55, 57, 59]
[ 0  0  4  8 14] - [51, 55, 57, 59]
[ 0  0  4 14] - [47, 55, 57, 59]
[ 0  0  4  7 14] - [50, 55, 57, 59]
[ 0  0  4  6 14] - [49, 55, 57, 59]
[ 0  0  4  5 14] - [48, 55, 57, 59]
[ 0  0  3  4 14] - [46, 55, 57, 59]
[ 9  0  3  7 17] - [40, 55, 57, 59]
cadence: 
[0 0 3 4 14]-[9 0 3 7 17]

NEW PIECE ========================= 
Piece name: secundal 3-cowell.xml

tonality offsets: [0]
grouping offsets: [0]
phrase type: grouping
phrase level: 4
phrase tonality: 0 - [ 0  1  2  3  4  5  6  7  8  9 10 11]
phrase MIDIs and GCTs: 
[ 7  0  4  7  9 10 14] - [62, 64, 65, 79, 81, 83]
[ 6  0  4  7  9 14] - [66, 68, 70, 73, 75]
[10  0  3  5 10] - [58, 61, 63, 80, 82, 85]
[ 0  0  4  7  9 11 14] - [55, 57, 59, 84, 86, 88]
[ 6  0  4  7  9 14] - [58, 61, 63, 66, 68, 70]
[ 6  0  4  7  9 11] - [53, 54, 58, 73, 75, 78]
[ 2  0  3  7 14 17] - [50, 52, 53, 77, 79, 81]
[ 5  0  3  5 11 13] - [54, 56, 58, 64, 65, 68]
[ 0  0  3  4 10 11 13] - [46, 49, 51, 71, 72, 76]
[ 9  0  3  7 14 17] - [45, 47, 48, 72, 74, 76]
[ 6  0  4  7  9 14] - [42, 44, 46, 49, 51]
[ 4  0  4  7  8 14 18] - [35, 36, 40, 54, 56, 58]
[ 7  0  3 10 11 13 14] - [41, 42, 43, 44, 45, 46]
[ 7  0  3 10 11 13 14] - [41, 42, 43, 44, 45, 46]
[ 1  0  3 11 13 14] - [36, 37, 38, 39, 40]
[ 7  0  3 10 11 13 14] - [41, 42, 43, 44, 45, 46]
[ 1  0  3 11 13 14] - [36, 37, 38, 39, 40]
[ 1  0  3 11 13 14] - [36, 37, 38, 39, 40]
[ 7  0  3 10 11 13 14] - [29, 30, 31, 32, 33, 34]
[ 1  0  3 11 13 14] - [36, 37, 38, 39, 40]
cadence: 
[7 0 3 10 11 13 14]-[1 0 3 11 13 14]

NEW PIECE ========================= 
Piece name: secundal 1-ives.xml

tonality offsets: [0]
grouping offsets: [0]
phrase type: grouping
phrase level: 4
phrase tonality: 0 - [ 0  1  2  3  4  5  6  7  8  9 10 11]
phrase MIDIs and GCTs: 
[ 7  0  4  5 10] - [71, 72, 77, 79, 83]
[ 5  0  4  7 14 18] - [77, 79, 81, 83, 84]
[ 2  0  3  7 14 17] - [74, 76, 77, 79, 81]
[ 2  0  3  7 14 17] - [74, 76, 77, 79, 81]
[11  0  3  5  6 13] - [71, 72, 74, 76, 77]
[ 7  0  4  7 14 17] - [67, 69, 71, 72, 74]
[ 4  0  3  7 13 17] - [64, 65, 67, 69, 71]
[ 4  0  3  7 13 17] - [64, 65, 67, 69, 71]
[ 4  0  3  7 13 17] - [76, 77, 79, 81, 83]
[ 2  0  3  7 14 17] - [74, 76, 77, 79, 81]
[ 2  0  3  7 14 17] - [74, 76, 77, 79, 81]
[ 0  0  4  7 14 17] - [72, 74, 76, 77, 79]
[11  0  3  5  6 13] - [71, 72, 74, 76, 77]
[ 9  0  3  7 14 17] - [69, 71, 72, 74, 76]
[ 7  0  4  7 14 17] - [67, 69, 71, 72, 74]
[ 5  0  4  7 14 18] - [65, 67, 69, 71, 72]
[ 4  0  3  7 13 17] - [64, 65, 67, 69, 71]
[ 2  0  3  7 14 17] - [62, 64, 65, 67, 69]
[ 2  0  3  7 14 17] - [62, 64, 65, 67, 69]
[11  0  3  5  6 13] - [59, 60, 62, 64, 65]
[ 7  0  4  7 14 17] - [55, 57, 59, 60, 62]
cadence: 
[11 0 3 5 6 13]-[7 0 4 7 14 17]

