================== Logging initialisation ================== 
Initialising file: /home/maximos/repos/chameleon_noblend/training_logs/Whitacre.txt
NEW IDIOM ============================================ 
Idiom name: Whitacre

NEW PIECE ========================= 
Piece name: Whitacre-03-Sleep [Checked - Giannos].xml

tonality offsets: [0]
grouping offsets: [0, 13.0, 23.0, 44.0, 56.0, 66.0, 74.0, 89.0, 115.0, 124.0, 141.0, 151.0, 163.0, 172.0, 182.0, 207.0]
phrase starting offset: 0
phrase ending offset: 13.0
phrase type: tonality
phrase level: 1
phrase tonality: 8 - [ 0  2  4  6  7  9 11]
phrase MIDIs and GCTs: 
[0 0 4 7] - [44, 51, 56, 60]
[9 0 3 7] - [41, 48, 56, 60, 65]
[4 0 3 7] - [48, 55, 60, 63]
[2 0 4 7] - [46, 53, 58, 62]
[11  0  3  7] - [43, 50, 58, 62, 67, 70]
[0 0 4 7] - [44, 51, 56, 63, 68, 72]
[4 0 3 7] - [48, 55, 63]
[ 2  0  4  7 17] - [50, 58, 63, 65]
cadence: 
[4 0 3 7]-[2 0 4 7 17]

phrase starting offset: 13.0
phrase ending offset: 23.0
phrase type: grouping
phrase level: 2
phrase tonality: 8 - [ 0  2  4  6  7  9 11]
phrase MIDIs and GCTs: 
[0 0 4 7] - [44, 51, 56, 60]
[11  0  3  7] - [43, 50, 55, 58]
[9 0 3 7] - [41, 48, 56, 60]
[4 0 3 7] - [48, 55, 60, 63]
[ 2  0  4  7 17] - [46, 53, 62, 63]
[0 0 4 7] - [44, 51, 60, 63]
[2 0 4 7] - [46, 53, 62, 65]
[7 0 4 7] - [39, 46, 55, 58, 63, 67]
cadence: 
[2 0 4 7]-[7 0 4 7]

phrase starting offset: 23.0
phrase ending offset: 44.0
phrase type: grouping
phrase level: 2
phrase tonality: 8 - [ 0  2  4  6  7  9 11]
phrase MIDIs and GCTs: 
[2 0 4 7] - [46, 53, 62, 65]
[0 0 4 7] - [44, 51, 60, 63]
[ 6  0  3  6 13] - [44, 53, 62, 63]
[2 0 4 7] - [46, 53, 62, 65]
[ 7  0  4  7 14] - [46, 55, 63, 65]
[4 0 3 7] - [48, 55, 63, 67]
[11  0  3  7  8] - [46, 55, 62, 63]
[0 0 4 7] - [44, 51, 60, 63]
[ 7  0  4  7 11 14] - [43, 51, 53, 58, 62, 63]
[ 9  0  3  7 10] - [41, 48, 56, 60, 63]
[2 0 4 7] - [46, 53, 62]
[11  0  4  7 17] - [47, 55, 60, 62]
[ 4  0  3  7 14] - [48, 55, 62, 63]
[ 2  0  4  7 17] - [50, 58, 63, 65]
[ 9  0  3  7 10] - [48, 56, 63, 65]
[ 4  0  4  7 17] - [48, 55, 64, 65]
cadence: 
[9 0 3 7 10]-[4 0 4 7 17]

phrase starting offset: 44.0
phrase ending offset: 56.0
phrase type: grouping
phrase level: 1
phrase tonality: 8 - [ 0  2  4  6  7  9 11]
phrase MIDIs and GCTs: 
[11  0  3  7] - [62, 67, 70, 74]
[9 0 3 7] - [60, 65, 68, 72, 77]
[4 0 3 7] - [60, 63, 67, 72, 75]
[2 0 4 7] - [58, 62, 65, 70, 74]
[0 0 4 7] - [56, 60, 63, 68, 72, 75]
[4 0 3 7] - [48, 55, 63, 67]
[11  0  3  7] - [43, 50, 55, 58, 62, 70]
[ 9  0  4  7 14 17] - [41, 48, 55, 57, 60, 65, 70]
[ 9  0  4  7 14 17] - [41, 48, 55, 57, 60, 65, 70]
cadence: 
[9 0 4 7 14 17]-[9 0 4 7 14 17]

phrase starting offset: 56.0
phrase ending offset: 66.0
phrase type: grouping
phrase level: 1
phrase tonality: 8 - [ 0  2  4  6  7  9 11]
phrase MIDIs and GCTs: 
[9 0 4 7] - [41, 48, 57, 60, 65]
[ 2  0  4  7 17] - [41, 50, 58, 63, 65]
[ 7  0  4  7 14] - [43, 51, 58, 63, 65]
[ 9  0  5 10 16] - [45, 53, 58, 63, 65]
[ 7  0  4  7 14] - [46, 51, 55, 58, 63, 65]
[ 9  0  4  7 10 17] - [48, 53, 57, 58, 63, 65]
[ 2  0  4  7 17] - [53, 58, 62, 63, 65]
[ 7  0  4  7 14] - [46, 51, 55, 58, 63, 65]
cadence: 
[2 0 4 7 17]-[7 0 4 7 14]

phrase starting offset: 66.0
phrase ending offset: 74.0
phrase type: grouping
phrase level: 1
phrase tonality: 8 - [ 0  2  4  6  7  9 11]
phrase MIDIs and GCTs: 
[11  0  3  7] - [43, 50, 58, 67, 70, 74]
[6 0 3 7] - [50, 57, 62, 65, 69]
[9 0 4 7] - [41, 48, 57, 65, 69, 72]
[4 0 3 7] - [48, 55, 60, 63, 67]
[11  0  3  7] - [43, 50, 58, 62, 67, 70]
[2 0 4 7] - [46, 53, 58, 62]
[7 0 4 7] - [39, 46, 55, 58, 63, 67]
[ 9  0  5 10] - [46, 53, 63, 65]
cadence: 
[7 0 4 7]-[9 0 5 10]

phrase starting offset: 74.0
phrase ending offset: 89.0
phrase type: grouping
phrase level: 1
phrase tonality: 8 - [ 0  2  4  6  7  9 11]
phrase MIDIs and GCTs: 
[2 0 4 7] - [46, 53, 62, 65]
[ 4  0  4  7 17] - [48, 55, 64, 65]
[ 2  0  4  7 17] - [50, 58, 63, 65]
[ 4  0  4  7 14] - [48, 55, 62, 64]
[11  0  3  7  8] - [46, 55, 62, 63]
[ 6  0  3  6 13] - [44, 53, 62, 63]
[ 2  0  5 10] - [44, 51, 58, 63]
[11  0  5] - [43, 48, 55, 60]
[11  0  5] - [48, 55, 60]
[11  0  5] - [55, 60]
[4 0] - [60]
[4 0] - [60]
[4 0] - [60]
[4 0] - [60]
cadence: 
[4 0]-[4 0]

phrase starting offset: 89.0
phrase ending offset: 115.0
phrase type: grouping
phrase level: 1
phrase tonality: 8 - [ 0  2  4  6  7  9 11]
phrase MIDIs and GCTs: 
[ 9  0  3  7 10] - [60, 63, 65, 68, 72]
[ 9  0  3  7 10] - [60, 63, 65, 68, 72]
[11  0  4  7 17] - [60, 62, 67, 71, 74]
[11  0  4  7 17] - [60, 62, 67, 71, 74]
[4 0] - [60]
[ 9  0  3  7 10] - [60, 63, 65, 68, 72]
[ 9  0  3  7 10] - [60, 63, 65, 68, 72, 77]
[11  0  4  7 17] - [60, 62, 67, 71, 74]
[4 0] - [60]
[4 0] - [60, 72]
[ 9  0  3  7  9 10] - [60, 63, 65, 68, 74, 75]
[11  0  4  7 17] - [60, 62, 67, 71, 74]
[4 0] - [60]
[4 0] - [60]
[ 9  0  3  7  9 10] - [60, 62, 65, 68, 75, 77]
[ 9  0  3  7 10] - [60, 63, 65, 68, 75, 77]
[11  0  4  7 10 17] - [60, 65, 67, 71, 74]
[4 0] - [60]
[4 0] - [60]
[4 0] - [60]
[4 0] - [60]
cadence: 
[4 0]-[4 0]

phrase starting offset: 115.0
phrase ending offset: 124.0
phrase type: grouping
phrase level: 1
phrase tonality: 8 - [ 0  2  4  6  7  9 11]
phrase MIDIs and GCTs: 
[ 2  0  4  7 14] - [50, 53, 58, 60]
[0 0 4 7] - [48, 51, 56, 60]
[4 0 3 7] - [55, 60, 63]
[ 2  0  4  7 14] - [53, 58, 60, 62]
[ 2  0  4  7 14] - [53, 58, 60, 62]
cadence: 
[2 0 4 7 14]-[2 0 4 7 14]

phrase starting offset: 124.0
phrase ending offset: 141.0
phrase type: grouping
phrase level: 2
phrase tonality: 8 - [ 0  2  4  6  7  9 11]
phrase MIDIs and GCTs: 
[ 2  0  4  7 14] - [53, 58, 60, 62]
[ 0  0  4  7 14] - [60, 63, 68, 70]
[ 2  0  4  7 14] - [53, 58, 60, 62]
[ 2  0  4  7 14 17] - [53, 58, 60, 62, 63]
[ 0  0  4  7 14] - [60, 63, 68, 70]
[ 0  0  4  7 14] - [60, 63, 68, 70, 75]
[ 2  0  4  7 14] - [53, 58, 60, 62, 65]
[ 2  0  4  7 14] - [53, 58, 60, 62, 65]
[4 0] - [48, 60]
cadence: 
[2 0 4 7 14]-[4 0]

phrase starting offset: 141.0
phrase ending offset: 151.0
phrase type: grouping
phrase level: 1
phrase tonality: 8 - [ 0  2  4  6  7  9 11]
phrase MIDIs and GCTs: 
[0 0 4 7] - [44, 51, 56, 60]
[ 7  0  4  7 11 14] - [43, 51, 53, 58, 62]
[ 7  0  4  7 11] - [43, 51, 55, 58, 62]
[ 9  0  3  7 10] - [41, 48, 56, 60, 63]
[ 9  0  5  7 10] - [41, 48, 58, 60, 63]
[ 2  0  4  7 17] - [41, 50, 58, 63, 65]
[ 2  0  4  7 17] - [41, 50, 58, 63]
cadence: 
[2 0 4 7 17]-[2 0 4 7 17]

phrase starting offset: 151.0
phrase ending offset: 163.0
phrase type: grouping
phrase level: 1
phrase tonality: 8 - [ 0  2  4  6  7  9 11]
phrase MIDIs and GCTs: 
[4 0 3 7 8] - [44, 51, 56, 60, 63, 67]
[0 0 4 7] - [44, 51, 56, 60, 63, 68]
[7 0 4 7 9] - [43, 51, 55, 58, 60, 63, 67, 70]
[7 0 4 7 9] - [43, 51, 55, 58, 60, 63, 67, 72]
[ 9  0  3  7  9 10 14] - [41, 48, 56, 62, 63, 67, 74]
[ 9  0  3  7 10 14] - [41, 48, 56, 63, 67, 72, 75]
[ 2  0  4  7 17] - [41, 50, 58, 65, 70, 75, 77]
[ 2  0  4  7 17] - [41, 50, 58, 65, 70, 75, 77]
[2 0 4 7] - [41, 50, 58]
[ 2  0  4  7 10] - [41, 50, 58, 68]
cadence: 
[2 0 4 7]-[2 0 4 7 10]

phrase starting offset: 163.0
phrase ending offset: 172.0
phrase type: grouping
phrase level: 1
phrase tonality: 8 - [ 0  2  4  6  7  9 11]
phrase MIDIs and GCTs: 
[0 0 4 7] - [44, 56, 60, 63, 68, 72, 75]
[ 7  0  4  7 11 14] - [43, 51, 55, 58, 65, 70, 74, 77]
[ 7  0  4  7 11] - [43, 51, 55, 58, 67, 70, 74, 79]
[ 7  0  4  7  9 14 17] - [41, 48, 56, 60, 68, 70, 75, 79]
[ 7  0  4  7  9 17] - [56, 60, 63, 67, 68, 70, 75, 79]
[4 0 3 7 8] - [56, 60, 63, 67]
cadence: 
[7 0 4 7 9 17]-[4 0 3 7 8]

phrase starting offset: 172.0
phrase ending offset: 182.0
phrase type: grouping
phrase level: 1
phrase tonality: 8 - [ 0  2  4  6  7  9 11]
phrase MIDIs and GCTs: 
[9 0 3 7] - [53, 56, 60, 65, 68]
[0 0 4 7] - [44, 51, 56, 60, 63, 68, 72, 75]
[ 7  0  4  7 11 14] - [43, 51, 55, 58, 65, 70, 74, 77]
[ 7  0  4  7 11] - [43, 51, 55, 58, 67, 70, 74, 79]
[ 7  0  4  7  9 14 17] - [41, 48, 53, 56, 68, 70, 75, 79]
[ 7  0  4  7  9 17] - [56, 60, 63, 67, 68, 70, 75, 79]
[4 0 3 7 8] - [56, 60, 63, 67]
cadence: 
[7 0 4 7 9 17]-[4 0 3 7 8]

phrase starting offset: 182.0
phrase ending offset: 207.0
phrase type: grouping
phrase level: 2
phrase tonality: 8 - [ 0  2  4  6  7  9 11]
phrase MIDIs and GCTs: 
[9 0 3 7] - [53, 56, 60, 65, 68]
[0 0 4 7] - [44, 51, 56, 60, 63, 68, 72, 75]
[ 7  0  4  7 11 14] - [43, 51, 55, 58, 65, 70, 74, 77]
[ 7  0  4  7 11] - [43, 51, 55, 58, 67, 70, 74, 79]
[ 7  0  4  7  9 14 17] - [41, 48, 56, 68, 70, 75, 79]
[ 9  0  3  7 10 14] - [48, 53, 56, 60, 68, 75, 79]
[ 5  0  4  7 18] - [44, 53, 56, 61, 68, 73, 79, 80]
[ 5  0  4  7 18] - [49, 56, 61, 65, 68, 73, 79, 80]
[0 0 4 7] - [56, 60, 63, 68, 72, 75, 80]
[0 0 4 7] - [44, 51, 60, 68, 72, 75, 80]
[ 2  0  5 10] - [51, 58, 63, 68, 70, 75, 80]
[7 0 4 7] - [46, 55, 63, 67, 70, 75, 79]
[ 9  0  3  7 14] - [53, 56, 60, 67, 68, 72, 79]
[9 0 3 7] - [48, 53, 56, 65, 68, 72, 77]
[ 2  0  4  7 17] - [41, 50, 58, 63, 65, 75, 77]
[2 0 4 7] - [41, 50, 58, 62, 65, 70, 77]
[0 0 4 7] - [44, 51, 56, 60, 63, 68, 72, 75]
[ 2  0  4  7 17] - [46, 53, 58, 62, 65, 70, 74, 75]
[0 0 4 7] - [44, 51, 56, 60, 63, 68, 72]
[11  0  3  7] - [43, 50, 58, 62, 67, 70]
[0 0 4 7] - [44, 51, 60, 63, 68]
[7 0 4 7] - [51, 58, 63, 67]
[ 2  0  4  7 17] - [50, 58, 63, 65]
cadence: 
[7 0 4 7]-[2 0 4 7 17]

phrase type: grouping
phrase level: 4
phrase tonality: 8 - [ 0  2  4  6  7  9 11]
phrase MIDIs and GCTs: 
[ 2  0  5 10 16] - [44, 51, 58, 62]
[0 0 4 7] - [44, 51, 56, 60]
[ 9  0  5 10] - [46, 53, 58, 63]
[2 0 4 7] - [46, 53, 58, 62]
[ 2  0  5 10 16] - [44, 51, 58, 62]
[ 0  0  4  7 14] - [44, 51, 58, 60]
[0 0 4 7] - [44, 51, 56, 60]
[ 9  0  3 10] - [44, 51, 56, 65]
[ 9  0  5 10] - [46, 53, 63, 65]
[9 0 5] - [46, 53, 58, 65]
[2 0 4 7] - [46, 53, 58, 62, 65]
[2 0 4 7] - [46, 53, 58, 62, 70]
[ 2  0  4  7 10 14 17] - [44, 51, 60, 62, 65, 70, 74]
[0 0 4 7] - [44, 51, 56, 60, 63, 68, 72]
[0 0 4 7] - [44, 51, 60, 63]
[ 2  0  4  7 17] - [46, 53, 62, 63]
[2 0 4 7] - [46, 53, 62, 65]
[ 4  0  4  7 17] - [48, 55, 64, 65]
[ 2  0  4  7 17] - [50, 58, 63, 65]
[9 0] - [65]
[ 4  0  4  7 17] - [48, 55, 64, 65]
[ 2  0  4  7 17] - [50, 58, 63, 65]
[9 0] - [65]
[ 4  0  4  7 17] - [48, 55, 64, 65]
[ 2  0  4  7 17] - [50, 58, 63, 65]
[9 0] - [65]
[ 4  0  4  7 17] - [48, 55, 64, 65]
[ 2  0  4  7 17] - [50, 58, 63, 65]
[9 0] - [65]
[ 4  0  4  7 17] - [48, 55, 64, 65]
[ 2  0  4  7 17] - [50, 58, 63, 65]
[9 0] - [65]
[ 4  0  4  7 17] - [48, 55, 64, 65]
[ 2  0  4  7 17] - [50, 58, 63, 65]
[9 0] - [65]
[ 4  0  4  7 17] - [48, 55, 64, 65]
[ 2  0  4  7 17] - [50, 58, 63, 65]
[9 0] - [65]
[ 4  0  4  7 17] - [48, 55, 64, 65]
[ 2  0  4  7 17] - [50, 58, 63, 65]
[9 0] - [65]
cadence: 
[2 0 4 7 17]-[9 0]

NEW PIECE ========================= 
Piece name: Whitacre-04-Water Night [Checked - Giannos].xml

tonality offsets: [0]
grouping offsets: [0, 20.0, 39.0, 62.0, 74.0, 86.0, 98.0, 106.0, 122.0, 150.0, 166.0, 188.0, 212.0]
phrase starting offset: 0
phrase ending offset: 20.0
phrase type: tonality
phrase level: 1
phrase tonality: 10 - [ 0  2  3  5  7  8 10]
phrase MIDIs and GCTs: 
[0 0 3 7] - [58, 61, 65, 73]
[ 0  0  3  7 14 17] - [58, 61, 63, 65, 72, 73]
[ 0  0  3  7 14 17] - [58, 61, 63, 65, 72, 75]
[ 5  0  3  7 10 14] - [58, 61, 63, 65, 66, 70, 73]
[10  0  4  7 14 17] - [58, 61, 63, 68, 72, 75]
[ 5  0  3  7  9 10 17] - [58, 61, 66, 68, 72, 73, 75]
[ 8  0  4  7 11] - [58, 61, 65, 66, 73]
[10  0  4  7 14 17] - [58, 61, 63, 68, 72, 73]
[0 0 3 7] - [58, 61, 65, 70, 73]
cadence: 
[10 0 4 7 14 17]-[0 0 3 7]

phrase starting offset: 20.0
phrase ending offset: 39.0
phrase type: grouping
phrase level: 1
phrase tonality: 10 - [ 0  2  3  5  7  8 10]
phrase MIDIs and GCTs: 
[0 0 3 7] - [46, 53, 58, 61]
[ 0  0  3 10] - [46, 56, 58, 61]
[8 0 4 7] - [46, 54, 58, 61]
[ 5  0  3  7 10 17] - [46, 54, 56, 58, 61, 63]
[ 0  0  3  7 10 17] - [46, 53, 56, 58, 61, 63]
[ 8  0  4  7 14] - [46, 54, 56, 61, 68]
[ 8  0  4  7 14] - [46, 54, 56, 61, 66]
[ 8  0  4  7 11 14] - [46, 54, 56, 61, 65]
[ 5  0  3  7 10 14 17] - [46, 54, 56, 61, 63, 65]
[ 5  0  3  7 10 14 17] - [51, 54, 56, 58, 61, 63, 65]
[ 5  0  3  7 10 17] - [54, 56, 58, 61, 63, 66, 68]
cadence: 
[5 0 3 7 10 14 17]-[5 0 3 7 10 17]

phrase starting offset: 39.0
phrase ending offset: 62.0
phrase type: grouping
phrase level: 2
phrase tonality: 10 - [ 0  2  3  5  7  8 10]
phrase MIDIs and GCTs: 
[8 0 4 7] - [54, 58, 61, 66]
[0 0 3 7] - [46, 53, 61, 65]
[ 0  0  3  7 10 14 17] - [46, 56, 60, 61, 63, 65]
[ 0  0  3  7 10 14 17] - [46, 56, 60, 61, 63, 65]
[ 5  0  3  7  9 10 14 17] - [46, 54, 56, 60, 61, 63, 65]
[ 0  0  3  7 10 17] - [46, 53, 56, 61, 63]
[ 0  0  5 10 15] - [46, 51, 56, 58, 61, 68]
[ 8  0  4  7 14] - [46, 54, 56, 58, 61, 68]
[ 5  0  3  7  9 10 17] - [48, 54, 56, 58, 61, 63]
[ 8  0  4  7 11 14] - [49, 54, 56, 58, 61, 65, 66]
[ 5  0  3  7 10 14 17] - [51, 54, 56, 58, 61, 65, 66]
[0 0 3 7] - [46, 53, 58, 61, 65]
[0 0 3 7] - [46, 53, 58, 61, 65]
cadence: 
[0 0 3 7]-[0 0 3 7]

phrase starting offset: 62.0
phrase ending offset: 74.0
phrase type: grouping
phrase level: 1
phrase tonality: 10 - [ 0  2  3  5  7  8 10]
phrase MIDIs and GCTs: 
[0 0 3 7] - [58, 61, 65, 70, 73, 77]
[ 0  0  3  7 10 17] - [58, 61, 65, 68, 73, 75, 77]
[ 0  0  3  7  9 10 17] - [58, 61, 63, 67, 68, 73, 75, 77]
cadence: 
[0 0 3 7 10 17]-[0 0 3 7 9 10 17]

phrase starting offset: 74.0
phrase ending offset: 86.0
phrase type: grouping
phrase level: 1
phrase tonality: 10 - [ 0  2  3  5  7  8 10]
phrase MIDIs and GCTs: 
[0 0 3 7] - [46, 49, 53, 58, 61, 65]
[ 0  0  3  7  9 17] - [46, 51, 53, 55, 58, 61, 63, 65]
[ 5  0  3  7 10 14] - [46, 51, 53, 54, 58, 61, 63, 65]
cadence: 
[0 0 3 7 9 17]-[5 0 3 7 10 14]

phrase starting offset: 86.0
phrase ending offset: 98.0
phrase type: grouping
phrase level: 1
phrase tonality: 10 - [ 0  2  3  5  7  8 10]
phrase MIDIs and GCTs: 
[0 0 3 7] - [46, 53, 58, 61]
[5 0 4 7] - [39, 46, 51, 55, 58]
[ 0  0  3  7  9 10 17] - [39, 46, 49, 51, 53, 55, 56, 58]
[ 5  0  3  7 10 14 17] - [39, 46, 49, 51, 53, 54, 56, 58]
cadence: 
[0 0 3 7 9 10 17]-[5 0 3 7 10 14 17]

phrase starting offset: 98.0
phrase ending offset: 106.0
phrase type: grouping
phrase level: 1
phrase tonality: 10 - [ 0  2  3  5  7  8 10]
phrase MIDIs and GCTs: 
[0 0 3 7] - [46, 53, 58, 61]
[ 0  0  3  7 10 14] - [46, 53, 56, 60, 61]
cadence: 
[0 0 3 7]-[0 0 3 7 10 14]

phrase starting offset: 106.0
phrase ending offset: 122.0
phrase type: grouping
phrase level: 2
phrase tonality: 10 - [ 0  2  3  5  7  8 10]
phrase MIDIs and GCTs: 
[8 0 4] - [58, 66]
[ 3  0 11] - [61, 72]
[10  0  5] - [68, 73]
[8 0 4] - [66, 70]
[ 5  0  3  7 14] - [63, 65, 66, 70]
[0 0 3 7] - [46, 53, 58, 61, 65]
[ 0  0  3  7 10 14 17] - [46, 53, 56, 58, 60, 61, 63, 65]
cadence: 
[0 0 3 7]-[0 0 3 7 10 14 17]

phrase starting offset: 122.0
phrase ending offset: 150.0
phrase type: grouping
phrase level: 1
phrase tonality: 10 - [ 0  2  3  5  7  8 10]
phrase MIDIs and GCTs: 
[ 0  0  3 10] - [58, 61, 68, 70, 73]
[ 8  0  4  7 14] - [58, 61, 66, 68, 70, 73]
[ 0  0  3  7 10] - [58, 61, 65, 68, 70, 73]
[ 5  0  3  7 10 14 17] - [58, 61, 63, 65, 66, 68, 70, 73]
[3 0] - [61, 73]
[10  0  5] - [61, 68, 80]
[ 8  0  4  7 14] - [56, 61, 66, 68, 70, 78, 80]
[ 8  0  4  7 11 14] - [49, 56, 61, 65, 66, 68, 70, 73, 77, 78, 80]
[ 5  0  3  7  9 10 14 17] - [42, 49, 58, 63, 65, 66, 68, 70, 72, 73, 75, 77, 78, 80]
[8 0 4 7] - [42, 49, 58, 66, 73, 78]
[ 5  0  3  7 14 17] - [39, 46, 54, 65, 68, 70, 77]
[ 5  0  3  7 10 14 17] - [39, 46, 54, 65, 68, 73, 80]
[ 5  0  3  7 10 14 17] - [39, 46, 54, 65, 68, 73, 75, 78, 80]
[8 0 4 7] - [42, 49, 58, 61, 66, 70, 73, 78]
[ 8  0  4  7 11] - [42, 49, 58, 61, 65, 70, 73, 77]
[0 0 3 7] - [46, 53, 58, 61, 73, 77]
[ 3  0  4  7 14] - [56, 61, 63, 68, 73, 77]
cadence: 
[0 0 3 7]-[3 0 4 7 14]

phrase starting offset: 150.0
phrase ending offset: 166.0
phrase type: grouping
phrase level: 2
phrase tonality: 10 - [ 0  2  3  5  7  8 10]
phrase MIDIs and GCTs: 
[10  0  4  7 14] - [56, 60, 63, 68, 70, 75]
[10  0  4  7 17] - [56, 60, 63, 68, 73, 75, 80]
[10  0  4  7 14] - [48, 56, 58, 63, 68, 70, 75]
[ 5  0  3  7  9 10 17] - [48, 56, 58, 63, 66, 70, 73, 78]
[ 8  0  4  7 11] - [46, 53, 61, 66, 70, 73, 78]
[ 3  0  4  7 11 14] - [48, 56, 61, 63, 65, 77]
[ 5  0  5 10] - [56, 61, 63, 68, 73]
[10  0  4  7 14] - [58, 60, 63, 68]
[ 8  0  4  7 14] - [58, 61, 66, 68]
[ 8  0  4 11 14] - [56, 58, 65, 66, 68]
[ 5  0  3  7 14 17] - [54, 56, 58, 63, 65, 66, 68]
[ 5  0  3  7 10 14 17] - [53, 56, 58, 61, 63, 65, 66, 68]
[ 5  0  3  7 10 14 17] - [51, 54, 56, 58, 61, 63, 65, 66, 68]
cadence: 
[5 0 3 7 10 14 17]-[5 0 3 7 10 14 17]

phrase starting offset: 166.0
phrase ending offset: 188.0
phrase type: grouping
phrase level: 1
phrase tonality: 10 - [ 0  2  3  5  7  8 10]
phrase MIDIs and GCTs: 
[3 0] - [61]
[3 0] - [61, 73]
[ 3  0 11] - [61, 72, 73]
[10  0  4  5] - [61, 68, 72, 73]
[ 8  0  4  7 14] - [54, 56, 58, 61, 66, 68, 70, 73]
[ 7  0  3  7 13 17] - [53, 54, 56, 58, 60, 65, 66, 68, 70, 72]
[ 5  0  3  7 10 17] - [51, 54, 56, 58, 63, 66, 68, 70, 73]
[ 8  0  4  7 14 18] - [42, 49, 58, 61, 66, 68, 70, 72]
[ 5  0  3  7  9 10 17] - [44, 51, 60, 63, 66, 68, 70, 73]
[ 5  0  3  7  9 10 14 17] - [46, 53, 61, 63, 66, 68, 70, 72]
cadence: 
[5 0 3 7 9 10 17]-[5 0 3 7 9 10 14 17]

phrase starting offset: 188.0
phrase ending offset: 212.0
phrase type: grouping
phrase level: 1
phrase tonality: 10 - [ 0  2  3  5  7  8 10]
phrase MIDIs and GCTs: 
[ 5  0  3 10 14] - [51, 53, 54, 63, 73]
[ 5  0  3  9 10 14] - [51, 53, 54, 66, 72, 73]
[ 5  0  3  7  9 10 14 17] - [51, 53, 54, 68, 70, 72, 73]
[ 5  0  3  7  9 10 14 17] - [51, 53, 54, 61, 63, 68, 70, 72, 73]
[ 5  0  3  7  9 10 14 17] - [51, 53, 54, 56, 58, 60, 61, 63, 65, 66, 68, 70, 72, 73]
[ 8  0  4  7 18] - [42, 49, 58, 61, 66, 70, 72]
[ 5  0  3  7  9 10 17] - [44, 51, 58, 61, 66, 68, 70, 72]
[ 8  0  4  7 18] - [42, 49, 58, 61, 66, 70, 72]
[ 5  0  3  7  9 10 17] - [44, 51, 58, 61, 66, 68, 70, 72]
[ 8  0  4  7 14] - [46, 54, 61, 66, 68]
[ 5  0  3  7 10 14] - [46, 51, 54, 58, 61, 63, 65, 66]
cadence: 
[8 0 4 7 14]-[5 0 3 7 10 14]

phrase type: grouping
phrase level: 4
phrase tonality: 10 - [ 0  2  3  5  7  8 10]
phrase MIDIs and GCTs: 
[0 0 3 7] - [58, 61, 65, 73]
[ 0  0  3  7 14 17] - [58, 61, 63, 65, 72, 73]
[ 0  0  3  7 10 14 17] - [58, 61, 63, 65, 68, 72, 73]
[ 0  0  3 10] - [58, 61, 68, 70, 73]
[8 0 4 7] - [58, 61, 66, 70, 73]
[0 0 3 7] - [58, 61, 65, 70, 73]
[ 0  0  5 15] - [58, 61, 63, 70, 73]
[0 0 3 7] - [46, 53, 58, 61, 65, 70, 73]
[ 8  0  4  7 14] - [42, 49, 58, 61, 68, 70, 73]
[8 0 4 7] - [42, 49, 58, 61, 66, 70, 73]
[ 5  0  3  7 10 14] - [39, 46, 54, 61, 65, 70, 73]
[ 5  0  3  7 10] - [39, 46, 54, 61, 63, 70, 73]
[0 0 3 7] - [46, 53, 61, 65, 70, 73]
cadence: 
[5 0 3 7 10]-[0 0 3 7]

NEW PIECE ========================= 
Piece name: Whitacre-01-A boy and a girl [Checked - Giannos].xml

tonality offsets: [0]
grouping offsets: [0, 27.0, 39.0, 49.0, 67.0, 76.0, 90.0, 100.0, 115.0, 139.0, 160.0, 176.0]
phrase starting offset: 0
phrase ending offset: 27.0
phrase type: tonality
phrase level: 1
phrase tonality: 7 - [ 0  2  4  5  7  9 10]
phrase MIDIs and GCTs: 
[ 5  0  4  7 14] - [48, 55, 62, 64]
[ 8  0  4  7 14] - [51, 58, 65, 67]
[10  0  4  7 14] - [53, 60, 67, 69]
[ 9  0  3 10] - [43, 52, 62, 67]
[5 0 4 7] - [48, 55, 64, 67]
[ 8  0  4  7 18] - [51, 58, 67, 69]
[10  0  4  7 17] - [53, 60, 69, 70]
[ 8  0  4  7 18] - [51, 58, 67, 69]
[ 3  0  4  7 14] - [46, 53, 60, 62]
[ 1  0  4  7 14] - [44, 51, 58, 60]
[0 0 4 7] - [55, 62, 67, 71]
[10  0  4  7 14] - [53, 60, 67, 69]
[10  0] - [65]
[9 0] - [64]
[ 5  0  4  7 17] - [48, 55, 64, 65]
[ 3  0  4  7 18] - [46, 53, 62, 64]
[7 0] - [62]
[0 0] - [67]
cadence: 
[7 0]-[0 0]

phrase starting offset: 27.0
phrase ending offset: 39.0
phrase type: grouping
phrase level: 2
phrase tonality: 7 - [ 0  2  4  5  7  9 10]
phrase MIDIs and GCTs: 
[ 5  0  4  7 17] - [48, 55, 64, 65]
[ 3  0  4  7 18] - [46, 53, 62, 64]
[7 0 5] - [55, 62]
[5 0 5] - [60, 65, 72]
[ 0  0  4  7 14] - [55, 62, 69, 71]
[ 2  0  3  7 14] - [57, 64, 71, 72]
[10  0  4  7 14] - [53, 60, 67, 69]
[5 0 5] - [53, 60, 65]
[ 5  0  4  7 14] - [48, 55, 62, 64]
[ 5  0  4  7 14] - [48, 55, 62, 64]
[5 0] - [60]
cadence: 
[5 0 4 7 14]-[5 0]

phrase starting offset: 39.0
phrase ending offset: 49.0
phrase type: grouping
phrase level: 3
phrase tonality: 7 - [ 0  2  4  5  7  9 10]
phrase MIDIs and GCTs: 
[10  0  4  7] - [41, 48, 57, 60]
[ 0  0  4  7 17] - [43, 50, 59, 60]
[5 0 5] - [41, 48, 60]
[ 3  0  4  7 14] - [46, 53, 60, 62]
[ 5  0  4  7 14] - [48, 55, 62, 64]
[ 0  0  4  7 14] - [43, 50, 57, 59]
cadence: 
[5 0 4 7 14]-[0 0 4 7 14]

phrase starting offset: 49.0
phrase ending offset: 67.0
phrase type: grouping
phrase level: 1
phrase tonality: 7 - [ 0  2  4  5  7  9 10]
phrase MIDIs and GCTs: 
[ 5  0  4  7 14] - [48, 55, 62, 64]
[ 8  0  4  7 14] - [51, 58, 65, 67]
[10  0  4  7 14] - [53, 60, 67, 69]
[0 0] - [67]
[5 0 4 7] - [43, 52, 60, 67, 72]
[5 0 4 7] - [48, 55, 64, 67, 79]
[ 5  0  3  7  9 10] - [51, 58, 67, 69, 72, 79]
[10  0  4  7 14 17] - [53, 60, 65, 69, 70, 72, 79]
[10  0  4  7] - [53, 57, 60, 65, 69, 72, 77]
[ 5  0  4  7 17] - [48, 55, 64, 67, 72, 76, 77]
[ 3  0  4  7 18] - [46, 53, 62, 65, 70, 74, 76]
cadence: 
[5 0 4 7 17]-[3 0 4 7 18]

phrase starting offset: 67.0
phrase ending offset: 76.0
phrase type: grouping
phrase level: 1
phrase tonality: 7 - [ 0  2  4  5  7  9 10]
phrase MIDIs and GCTs: 
[2 0 3 7] - [45, 52, 60, 64]
[ 5  0  4  7 17] - [41, 48, 53, 55, 60, 64, 65]
[5 0 4 7] - [48, 55, 60, 64, 67, 72, 76]
[ 2  0  4  7 14] - [45, 52, 61, 64, 69, 71, 73, 76]
cadence: 
[5 0 4 7]-[2 0 4 7 14]

phrase starting offset: 76.0
phrase ending offset: 90.0
phrase type: grouping
phrase level: 1
phrase tonality: 7 - [ 0  2  4  5  7  9 10]
phrase MIDIs and GCTs: 
[ 0  0  4  7  8 18] - [43, 50, 59, 62, 73, 75]
[ 4  0  3  7 14] - [47, 54, 62, 66, 71, 73]
[4 0] - [71]
[9 0] - [76]
[ 0  0  4  7 18] - [43, 50, 59, 62, 73, 74]
[ 4  0  3  7 14] - [47, 54, 62, 66, 71, 73]
[2 0] - [69]
[ 7  0  4  7 14] - [50, 57, 66, 69, 76, 78]
[ 9  0  3  7 14] - [52, 59, 67, 71, 78, 79]
[ 5  0  4  7 14] - [48, 55, 64, 74, 76]
[5 0 4 7] - [48, 55, 64, 72]
[ 0  0  4  7 14] - [43, 50, 59, 69, 71]
[ 0  0  4  7 14] - [43, 50, 59, 69, 71]
[0 0] - [67]
cadence: 
[0 0 4 7 14]-[0 0]

phrase starting offset: 90.0
phrase ending offset: 100.0
phrase type: grouping
phrase level: 3
phrase tonality: 7 - [ 0  2  4  5  7  9 10]
phrase MIDIs and GCTs: 
[9 0 3 7] - [52, 55, 59, 64]
[ 9  0  3  7  9 17] - [52, 55, 57, 59, 61, 64]
[ 2  0  4  7 14] - [45, 52, 59, 61]
[ 7  0  4  7 14] - [50, 57, 64, 66]
[ 9  0  4  7 14] - [52, 59, 66, 68]
[ 4  0  4  7 14] - [47, 54, 61, 63]
[9 0] - [64]
cadence: 
[4 0 4 7 14]-[9 0]

phrase starting offset: 100.0
phrase ending offset: 115.0
phrase type: grouping
phrase level: 1
phrase tonality: 7 - [ 0  2  4  5  7  9 10]
phrase MIDIs and GCTs: 
[ 5  0  4  7 14] - [48, 55, 62, 64]
[ 8  0  4  7 14] - [51, 58, 65, 67]
[10  0  3  7 14] - [53, 60, 67, 68]
[ 5  0  3  7 14] - [48, 55, 62, 63]
[ 8  0  4  7 14] - [51, 58, 65, 67]
[ 3  0  4  7 14] - [46, 53, 60, 62]
[ 0  0  4  7 17] - [43, 50, 59, 60]
[ 7  0  5 10] - [43, 50, 60, 62]
cadence: 
[0 0 4 7 17]-[7 0 5 10]

phrase starting offset: 115.0
phrase ending offset: 139.0
phrase type: grouping
phrase level: 1
phrase tonality: 7 - [ 0  2  4  5  7  9 10]
phrase MIDIs and GCTs: 
[2 0 3 7] - [45, 52, 57, 60]
[10  0  4  7 14 18] - [41, 48, 55, 57, 59, 60]
[2 0 3 7] - [45, 52, 60, 64]
[ 2  0  3  7  9 17] - [45, 50, 54, 57, 60, 62, 64]
[ 9  0  3  7 14] - [52, 59, 66, 67]
[ 5  0  4  7 14] - [48, 55, 62, 64]
[5 0] - [60]
[4 0] - [59]
[ 0  0  4  7 14] - [43, 50, 59, 69, 71]
[ 2  0  3  7 14] - [45, 52, 60, 71, 72]
[10  0  4  7 14] - [41, 48, 57, 67, 69]
[10  0  4  7] - [41, 48, 57, 65]
[ 5  0  4  7 14] - [48, 55, 62, 64]
[0 0 5] - [48, 55, 60]
[ 0  0  4  7 17] - [43, 50, 59, 60]
[ 2  0  3  7 17] - [45, 52, 60, 62]
[10  0  4  7] - [41, 48, 57, 65]
[5 0 4 7] - [48, 55, 60, 64]
[ 0  0  4  7 17] - [43, 50, 59, 60]
[ 7  0  5 10] - [55, 60, 62]
cadence: 
[0 0 4 7 17]-[7 0 5 10]

phrase starting offset: 139.0
phrase ending offset: 160.0
phrase type: grouping
phrase level: 3
phrase tonality: 7 - [ 0  2  4  5  7  9 10]
phrase MIDIs and GCTs: 
[2 0 3 7] - [45, 52, 60]
[10  0  4  7 11 14] - [41, 48, 55, 57, 60, 64, 65, 67]
[ 7  0  5 10] - [43, 50, 60, 62]
[4 0] - [59]
[5 0] - [60]
[10  0  4  7 11 14] - [41, 48, 55, 57, 60, 64, 65, 67]
[ 7  0  5 10] - [43, 50, 60, 62]
[10  0  4  7 11 14] - [41, 48, 55, 57, 60, 64, 65, 67]
[ 7  0  5 10] - [43, 50, 60, 62]
cadence: 
[10 0 4 7 11 14]-[7 0 5 10]

phrase starting offset: 160.0
phrase ending offset: 176.0
phrase type: grouping
phrase level: 1
phrase tonality: 7 - [ 0  2  4  5  7  9 10]
phrase MIDIs and GCTs: 
[ 5  0  4  7 14] - [48, 55, 62, 64]
[ 8  0  4  7 14] - [51, 58, 65, 67]
[10  0  4  7 14] - [53, 60, 67, 69]
[7 0 5] - [43, 50, 62, 67]
[5 0 4 7] - [48, 55, 64, 67]
[ 8  0  4  7 18] - [51, 58, 67, 69]
[10  0  4  7 17] - [53, 60, 69, 70]
[ 8  0  4  7 18] - [51, 58, 67, 69]
[5 0] - [60]
cadence: 
[8 0 4 7 18]-[5 0]

phrase type: grouping
phrase level: 4
phrase tonality: 7 - [ 0  2  4  5  7  9 10]
phrase MIDIs and GCTs: 
[10  0  4  7] - [41, 48, 57, 60]
[ 0  0  4  7 17] - [43, 50, 59, 60]
[10  0  4  7] - [41, 48, 57, 60]
[ 3  0  4  7 14] - [46, 53, 60, 62]
[ 5  0  4  7 14] - [48, 55, 62, 64]
[ 0  0  4  7 14] - [43, 50, 57, 59]
[ 0  0  4  7 14] - [43, 50, 57, 59]
cadence: 
[0 0 4 7 14]-[0 0 4 7 14]

